PC1	PC2	PC3	PC4	PC5	PC6	PC7	PC8	PC9	PC10	PC11	PC12	PC13	PC14	PC15	PC16	PC17	PC18	PC19	PC20	PC21	PC22	PC23	PC24	PC25	PC26	PC27	PC28	PC29	PC30	PC31	PC32	PC33	PC34	PC35	PC36	PC37	PC38	PC39	PC40	PC41	PC42	PC43	PC44	PC45	PC46	PC47	PC48	PC49	PC50	PC51	PC52	PC53	PC54	PC55	PC56	PC57	PC58	PC59	PC60	PC61	PC62	PC63	PC64	PC65	PC66
dome_k4me1_up_1	0.144	0.002	-0.221	0.151	-0.044	0.035	-0.073	0.071	-0.06	0.005	-0.015	0.005	-0.013	0.007	0.052	-0.042	0.036	0.045	0.091	-0.032	-0.095	0.037	0.033	0.01	-0.106	-0.195	0.276	0.04	0.034	0.02	-0.029	-0.032	-0.037	-0.005	0.071	0.061	0.019	0.019	0.029	0.013	-0.075	-0.067	-0.065	-0.187	0.091	-0.024	-0.028	-0.05	-0.141	0.068	0.297	-0.229	-0.246	0.623	0.131	0.062	-0.022	-0.07	0.056	0.034	-0.05	-0.02	-0.094	0.024	-0.008	0.012
dome_k4me1_up_2	0.138	0.051	-0.216	0.158	-0.069	0.01	-0.092	0.065	-0.052	-0.005	-0.021	0.003	-0.068	0.006	0.102	-0.07	-0.021	0.122	0.119	-0.06	-0.115	0.019	-0.006	0.033	-0.115	0.131	-0.094	-0.03	0.127	-0.046	-0.171	-0.002	0.035	-0.045	0.062	0.054	0.036	0.006	0.049	0.051	-0.081	-0.101	-0.07	-0.299	0.148	-0.046	-0.112	-0.024	-0.256	0.077	-0.617	0.272	-0.06	-0.034	-0.012	-0.032	0.034	-0.034	0.01	-0.116	0.119	0.012	-0.057	0.006	0.019	-0.025
dome_k4me1_up_3	0.143	0.051	-0.218	0.154	-0.063	0.021	-0.084	0.062	-0.055	0.001	-0.014	0.006	-0.059	0.021	0.098	-0.077	-0.037	0.09	0.099	-0.041	-0.115	0.028	-0.013	0	-0.086	0.037	-0.054	-0.025	-0.13	-0.007	0.237	0.003	0.022	-0.074	0.019	0.066	-0.003	-0.001	0.053	0.009	-0.068	-0.079	-0.061	-0.232	0.103	-0.004	-0.066	-0.008	-0.163	0.074	0.348	-0.276	0.234	-0.462	-0.336	0.06	0.058	-0.024	0.021	0.071	-0.089	0.097	0.094	-0.017	0.005	-0.001
dome_k4me1_center_1	0.113	0.063	-0.265	-0.026	0.128	-0.008	-0.088	0.084	-0.061	-0.006	0.016	-0.014	0.023	0.016	-0.024	0.03	0.098	-0.085	0.039	-0.001	-0.005	0.042	0.07	0.022	-0.088	-0.388	0.512	0.1	0.075	0.098	-0.092	-0.085	-0.085	0.19	0.124	0.132	0.026	-0.042	-0.04	-0.014	0.036	-0.018	0.088	0.159	-0.088	-0.002	-0.003	0.074	0.059	-0.256	-0.083	0.138	0.136	-0.221	-0.031	-0.017	-0.007	0.028	-0.088	-0.08	0.138	0.178	0.172	0.008	0.029	-0.017
dome_k4me1_center_2	0.103	0.142	-0.258	-0.012	0.116	-0.034	-0.149	0.068	-0.061	-0.011	-0.003	-0.009	-0.049	0.017	0.046	-0.032	-0.008	0.054	0.069	-0.041	0.008	0	-0.01	0.102	-0.085	0.331	-0.304	-0.047	0.316	-0.032	-0.447	-0.006	0.107	0.152	0.048	0.046	0.013	-0.044	-0.01	-0.005	0.066	0.066	0.057	0.146	-0.103	0.005	0.058	0.068	0.07	-0.319	0.228	-0.034	0.009	0.026	0.02	0.023	-0.017	0.024	0.043	0.193	-0.149	-0.022	0.027	-0.004	-0.001	0.016
dome_k4me1_center_3	0.106	0.143	-0.265	-0.01	0.12	-0.031	-0.12	0.069	-0.054	-0.002	0.009	-0.007	-0.034	0.035	0.03	-0.044	-0.016	-0.001	0.034	0.007	-0.023	-0.019	0.01	0.02	-0.021	0.102	-0.22	0.029	-0.356	0.086	0.588	0.024	0.075	0.035	0.033	0.086	-0.056	-0.087	-0.002	-0.02	0.053	0.025	0.067	0.116	-0.094	0	0.036	0.079	0.037	-0.337	-0.067	0.143	-0.069	0.158	0.089	-0.011	-0.033	0.004	0	-0.055	0.13	-0.101	-0.196	0.009	0.009	0.004
dome_k4me1_down_1	0.146	-0.039	-0.277	-0.102	-0.03	0.112	-0.095	0.048	-0.032	-0.011	0.016	-0.01	0.029	0.016	-0.063	0.073	0.047	-0.09	-0.071	0.033	0.075	0.003	0.034	0.012	0.014	-0.137	0.143	0.022	0.025	0.013	-0.031	0.031	-0.014	-0.026	-0.096	-0.079	-0.006	0.01	-0.025	-0.007	0.022	0.039	0.002	0.089	-0.015	0.025	0.011	-0.053	0.099	0.23	-0.114	0.034	0	-0.206	-0.057	-0.032	0.023	0.028	0.164	0.194	-0.311	-0.494	-0.46	-0.052	-0.102	0.049
dome_k4me1_down_2	0.14	0.022	-0.289	-0.083	-0.041	0.113	-0.131	0.03	-0.028	-0.011	0.011	-0.012	-0.001	0.001	-0.059	0.051	0.003	-0.031	-0.065	0.032	0.099	-0.031	0.016	0.03	0.034	0.079	-0.121	-0.022	0.07	-0.016	-0.108	0.058	0.011	-0.048	-0.131	-0.129	-0.014	0.026	-0.03	0.012	0.026	0.055	-0.01	0.111	-0.043	0.028	0.029	-0.062	0.168	0.334	0.149	-0.172	0.027	-0.016	0.016	-0.005	-0.06	-0.01	-0.162	-0.535	0.451	0.051	-0.091	0.045	-0.029	-0.023
dome_k4me1_down_3	0.143	0.018	-0.291	-0.086	-0.038	0.109	-0.123	0.033	-0.025	-0.013	0.009	-0.012	-0.003	0.007	-0.064	0.049	0.003	-0.049	-0.062	0.036	0.091	-0.036	0.019	0.018	0.048	0.019	-0.082	-0.002	-0.097	-0.005	0.139	0.063	-0.006	-0.062	-0.128	-0.101	-0.045	0.021	-0.03	0.013	0.031	0.033	-0.002	0.085	-0.031	0.025	0.026	-0.051	0.115	0.278	-0.197	0.033	-0.099	0.117	0.118	-0.015	0.009	0.042	0.019	0.157	-0.373	0.298	0.562	0.004	-0.064	-0.004
dome_k4me2_up_1	0.105	-0.204	-0.012	0.206	0.069	-0.035	0.103	-0.081	0.017	0.034	-0.03	0.025	0.004	-0.085	-0.007	0.107	0.316	0.301	0.196	0.023	0.013	-0.078	0.046	-0.005	0.023	0.033	-0.012	0.228	0.024	-0.019	0.008	0.169	-0.037	-0.053	-0.145	-0.075	-0.007	-0.212	-0.525	-0.392	0.007	0.031	-0.026	-0.034	0.031	0.055	-0.015	0.061	0.046	-0.044	0.009	0.001	-0.113	-0.064	0	-0.039	0.002	-0.006	0.007	0.003	0.016	0.002	0.013	-0.003	0.005	-0.014
dome_k4me2_up_2	0.102	-0.211	-0.064	0.214	0.066	-0.058	0.136	-0.105	0.022	0.023	-0.014	-0.001	-0.019	-0.071	-0.008	-0.21	-0.162	0.001	0.248	0.246	-0.114	-0.013	0.045	-0.03	0.026	0.036	0.09	0.194	0.02	-0.081	0.001	0.149	0.046	-0.083	-0.085	-0.111	0.102	0.176	0.28	0.077	0.6	0.018	-0.135	0.096	-0.028	0.029	0.006	0.039	0.06	-0.024	-0.022	0.018	0.048	0.003	0.023	0.103	0.043	0.006	0.004	-0.002	0.007	-0.006	0	0.006	0.004	-0.005
dome_k4me2_up_3	0.107	-0.208	-0.055	0.208	0.055	-0.044	0.113	-0.093	0.022	0.012	-0.019	0.013	-0.005	-0.046	0.027	-0.126	-0.193	0.187	0.033	-0.359	0.011	-0.032	0.017	0.022	0.008	-0.008	0.065	0.17	0.032	-0.068	0.021	0.117	-0.036	-0.105	-0.073	-0.09	-0.057	0.113	0.242	0.099	-0.5	0.318	0.185	0.201	-0.185	0.059	-0.023	0.065	0.061	-0.02	-0.028	0.023	0.053	0.035	-0.05	-0.066	0.007	-0.001	-0.003	-0.003	-0.005	-0.017	0.012	-0.003	0.013	0.004
dome_k4me2_center_1	0.088	-0.193	-0.057	-0.003	0.233	-0.112	0.143	-0.119	0.038	0.036	-0.036	0.019	0.061	-0.068	0	0.246	0.578	0.231	0.025	0.09	-0.007	0.01	-0.027	0.002	-0.057	0.069	-0.109	-0.112	-0.114	0.04	-0.002	-0.156	-0.02	0.151	0.142	0.093	-0.012	0.06	0.265	0.234	-0.009	-0.082	0.101	0.064	-0.021	0.024	-0.009	-0.065	-0.001	0.17	-0.039	-0.026	0.23	0.103	-0.014	0.06	0.001	0.039	-0.002	-0.003	-0.029	-0.014	-0.011	0.009	0.006	0.008
dome_k4me2_center_2	0.082	-0.182	-0.113	0.024	0.242	-0.119	0.169	-0.14	0.053	0.035	-0.011	-0.017	0.017	-0.096	-0.043	-0.229	-0.273	-0.29	0.092	0.504	-0.071	0.042	0.022	-0.012	-0.009	0.028	-0.103	-0.054	-0.063	0.035	-0.071	-0.115	-0.057	0.158	0.108	0.12	-0.057	-0.099	-0.156	-0.039	-0.292	-0.077	0.142	0	0.001	0.064	-0.051	-0.052	-0.011	0.135	0.014	-0.021	-0.091	-0.001	-0.072	-0.205	-0.029	0.035	-0.001	-0.008	-0.013	0	0.003	-0.004	-0.01	0
dome_k4me2_center_3	0.086	-0.183	-0.106	0.014	0.243	-0.118	0.152	-0.13	0.037	0.034	0.002	0.017	0.041	-0.03	0.005	-0.104	-0.257	0.04	-0.27	-0.549	0.149	-0.022	-0.013	0.048	0.04	-0.04	-0.072	-0.019	-0.127	0.033	-0.06	-0.131	-0.043	0.176	0.11	0.132	0.006	-0.116	-0.108	-0.043	0.283	-0.196	-0.017	-0.04	0.075	0.054	-0.025	-0.082	-0.001	0.142	0.026	0.01	-0.138	-0.075	0.062	0.165	0.02	0.034	0.004	-0.01	0.002	0.003	-0.011	-0.008	0.002	-0.007
dome_k4me2_down_1	0.122	-0.294	-0.059	-0.112	0.018	0.043	0.049	-0.057	0.021	0.009	-0.021	0.01	0.018	0.02	0.007	0.13	0.162	-0.059	-0.139	0.042	-0.009	0.047	-0.039	0.013	-0.056	-0.007	-0.007	-0.143	0.043	0.016	0.029	-0.013	0.058	-0.133	0.001	-0.039	0.036	0.121	0.194	0.086	-0.024	0.076	-0.109	-0.079	-0.024	-0.094	0.022	0.009	-0.054	-0.224	0.121	0.026	-0.661	-0.311	0.039	-0.161	-0.002	-0.127	-0.035	0.02	0.076	0.048	0.042	-0.019	0.014	-0.006
dome_k4me2_down_2	0.119	-0.296	-0.103	-0.103	0.016	0.044	0.041	-0.059	0.023	-0.002	-0.008	-0.003	0.008	0.025	-0.014	0.036	-0.046	-0.173	-0.136	0.135	0.006	0.036	-0.032	0.004	-0.003	-0.013	-0.025	-0.117	0.056	0.01	0.006	0.018	0.028	-0.149	-0.055	-0.067	-0.008	0.02	-0.108	-0.065	-0.213	0.071	-0.08	-0.138	0.035	-0.095	0.059	0.031	-0.043	-0.197	-0.017	0.054	0.271	0.014	0.246	0.657	0.147	-0.052	-0.009	0.03	0.053	-0.025	0.02	0.001	0.028	0.01
dome_k4me2_down_3	0.123	-0.288	-0.101	-0.105	0.02	0.044	0.045	-0.065	0.015	0.003	-0.013	0.004	0.007	0.024	-0.012	0.046	-0.036	-0.108	-0.198	-0.113	0.055	0.008	-0.032	0.023	0.005	-0.02	-0.015	-0.104	0.039	0.001	0.006	-0.014	0.043	-0.128	-0.064	-0.06	0.05	0.026	-0.07	-0.064	0.113	-0.016	-0.184	-0.143	0.057	-0.119	0.062	0.023	-0.026	-0.231	-0.056	-0.073	0.422	0.256	-0.18	-0.549	-0.082	-0.08	0.022	0.023	0.024	-0.036	0.054	0.017	0.012	0.004
dome_k4me3_up_1	0.131	-0.074	0.155	0.198	0.072	0.077	-0.126	0.109	0.073	0.062	0.006	-0.031	0.061	0.089	-0.043	0.153	-0.06	-0.13	0.162	0.002	0.267	-0.116	0.109	0.104	0.053	0.002	-0.035	0.033	-0.013	-0.004	0.003	-0.025	-0.012	0.02	0.003	-0.065	-0.039	-0.065	-0.043	0.055	0.021	-0.036	0.021	0.3	-0.075	-0.339	0.151	-0.401	-0.408	-0.071	-0.079	-0.119	-0.052	0.032	-0.198	0.068	0.116	0.025	0.007	-0.018	0.016	0.007	0.007	-0.036	0.021	0
dome_k4me3_up_2	0.099	-0.044	0.136	0.195	0.127	0.111	-0.255	0.168	0.093	0.112	0.059	-0.022	0.105	-0.121	-0.24	-0.071	0.038	0.035	-0.172	0.106	0.193	-0.164	0.086	0.094	0.338	-0.018	-0.06	0.183	0.235	0.138	0.105	-0.03	0.211	-0.114	0.29	0.295	0.056	0.109	0.05	-0.004	-0.034	0.056	-0.065	-0.185	-0.016	0.137	-0.015	0.103	0.097	0.052	0.003	0.004	0.022	-0.012	0.012	-0.01	-0.001	-0.033	0.018	0.041	0.023	0.012	-0.004	-0.008	0.004	-0.005
dome_k4me3_center_1	0.105	-0.104	0.162	0.002	0.189	-0.063	-0.166	0.211	0.06	0.102	-0.008	-0.025	0.046	0.18	0.145	0.262	-0.113	-0.184	0.364	-0.071	0.241	-0.042	0.115	0.124	-0.08	-0.036	-0.048	-0.019	-0.147	-0.064	-0.07	-0.011	-0.12	0.038	-0.2	-0.084	-0.056	0.026	0.043	0.147	-0.019	-0.075	0.046	-0.208	0.144	0.178	-0.115	0.183	0.215	0.034	0.049	0.069	0.035	-0.022	0.105	-0.043	-0.043	-0.148	0.012	0.176	0.124	0.063	-0.047	0.041	0.004	0.003
dome_k4me3_center_2	0.069	-0.064	0.134	-0.004	0.255	-0.057	-0.359	0.305	0.113	0.177	0.021	0.005	0.128	-0.204	-0.163	-0.252	0.029	0.207	-0.269	0.059	-0.219	0.091	-0.123	-0.157	-0.018	0.001	0.056	-0.085	-0.088	-0.086	-0.061	0.021	-0.141	0.078	-0.299	-0.245	-0.071	-0.031	-0.015	0.101	0.008	-0.069	0.089	-0.029	0.084	-0.028	-0.054	-0.041	-0.048	-0.11	0.01	0.011	-0.018	0.006	-0.034	0.006	-0.004	0.092	-0.007	-0.045	-0.028	-0.014	0.008	-0.001	0.004	0.006
dome_k4me3_down_1	0.133	-0.217	0.197	-0.083	-0.044	-0.001	-0.104	0.13	0.027	0.056	-0.024	0.002	-0.001	0.121	0.167	0.053	-0.026	-0.078	0.141	-0.065	-0.073	0.037	-0.005	0.028	-0.157	0.009	-0.008	-0.023	-0.005	-0.009	0.012	-0.021	0.064	-0.067	0.158	0.113	0.039	-0.026	-0.007	-0.051	0.013	0.042	-0.053	-0.026	-0.02	0.098	-0.032	0.067	0.082	-0.068	0.023	0.022	-0.036	0.031	-0.049	0.029	-0.035	0.428	-0.069	-0.516	-0.372	-0.198	0.127	-0.066	-0.051	0.013
dome_k4me3_down_2	0.111	-0.182	0.193	-0.084	-0.01	0.009	-0.202	0.179	0.048	0.078	-0.012	0.015	0.001	0.032	0.157	-0.105	-0.011	0.018	0.02	-0.055	-0.254	0.14	-0.083	-0.043	-0.293	0.037	0.011	-0.087	-0.069	-0.025	0.004	0.016	0.084	-0.069	0.251	0.154	0.08	-0.061	-0.05	-0.224	0.037	0.113	-0.122	0.291	-0.164	-0.032	0.146	-0.025	0.059	0.298	-0.049	-0.011	0.065	-0.025	0.111	-0.041	0.016	-0.293	0.025	0.205	0.141	0.071	-0.034	0.018	0.009	-0.017
dome_k9ac_up_1	0.171	0.005	0.063	0.153	-0.093	-0.038	0.067	-0.002	-0.015	0.008	0.003	-0.001	-0.008	0.025	0.047	0.023	-0.028	0.005	-0.003	0.015	-0.019	0.007	-0.047	-0.095	0.113	0.037	0.057	-0.098	0.119	0.055	0.063	0.011	-0.014	0.012	-0.059	0.053	-0.081	-0.173	-0.022	0.179	0.003	-0.005	-0.033	0.069	0.027	-0.084	0.018	-0.045	-0.046	0.004	0.075	0.062	0.094	-0.124	0.306	-0.023	-0.544	-0.023	0.485	-0.114	-0.002	0.089	0.003	-0.283	-0.036	-0.092
dome_k9ac_up_2	0.123	0.004	0.061	0.142	-0.131	-0.125	0.071	0.072	-0.045	0.045	-0.177	0.039	-0.185	0.146	-0.263	-0.05	0.033	-0.001	-0.066	0.016	0.089	-0.031	0.037	0.032	0.016	-0.07	0.05	-0.398	-0.219	0.069	-0.164	0.54	0.077	0.046	0.083	0.077	-0.012	0.025	-0.036	0.009	0.069	-0.071	0.241	-0.135	-0.259	-0.047	0.011	0.12	0.01	0.012	-0.018	-0.022	-0.009	0.023	-0.051	0.009	0.032	-0.019	-0.005	-0.013	-0.01	-0.009	-0.005	-0.005	0.003	0.006
dome_k9ac_center_1	0.148	0.042	0.051	-0.079	0.062	-0.146	0.083	0.03	-0.046	0.032	-0.001	-0.003	-0.021	0.074	0.122	0.058	-0.042	-0.003	0.032	-0.016	-0.068	0.032	-0.095	-0.194	0.205	0.12	0.136	-0.072	0.296	0.125	0.155	0.112	-0.011	0.068	-0.139	0.218	-0.159	-0.334	-0.079	0.328	0.07	0.184	-0.073	0.018	0.078	-0.102	-0.018	0.104	0.048	0.104	-0.029	-0.04	-0.045	0.046	-0.096	-0.008	0.254	-0.155	-0.142	-0.02	-0.01	-0.139	0.094	0.106	0.114	0.217
dome_k9ac_center_2	0.097	0.041	0.046	-0.062	-0.003	-0.273	0.086	0.112	-0.068	0.101	-0.259	0.058	-0.362	0.298	-0.475	-0.101	0.088	-0.042	-0.005	-0.036	-0.025	-0.003	0.049	0.087	-0.038	0.088	0.021	0.108	0.001	-0.033	0.036	-0.17	-0.043	0.063	-0.045	0.009	0.026	0.072	0.053	-0.091	-0.092	0.147	-0.254	0.15	0.346	0.045	-0.016	-0.081	0.018	0.006	0.008	0.019	0	-0.012	0.006	0.006	-0.023	0.019	-0.005	0.006	0.007	0.015	-0.007	0.002	-0.006	0.009
dome_k9ac_down_1	0.177	-0.081	0.052	-0.148	-0.123	0.002	0.035	-0.007	-0.017	0.015	0.008	-0.004	0.002	0.013	0.039	0.024	-0.018	0.002	-0.006	-0.008	-0.032	0.016	-0.043	-0.076	0.067	0.045	0.029	0.006	0.11	0.02	0.052	0.062	-0.003	0.003	-0.009	0.069	-0.047	-0.077	-0.037	0.109	0.026	0.034	0.039	0.016	0.05	0.02	-0.036	-0.002	0.036	-0.017	-0.011	0.022	-0.022	0.081	-0.167	0.041	0.053	0.274	-0.156	0.199	0.031	0.335	-0.287	0.014	-0.329	-0.602
dome_k9ac_down_2	0.135	-0.069	0.063	-0.138	-0.162	-0.072	0.038	0.059	-0.056	0.052	-0.114	0.021	-0.132	0.08	-0.166	-0.042	0.012	-0.014	0.007	-0.024	-0.053	0.029	0.017	0	-0.034	0.04	-0.047	0.303	0.14	-0.102	0.077	-0.404	-0.042	-0.124	-0.037	-0.117	-0.041	-0.112	-0.042	0.083	0.096	-0.232	0.317	-0.2	-0.467	-0.128	0.044	0.165	-0.056	0.065	0.015	-0.008	0.003	-0.006	0.03	0.002	0.015	-0.112	-0.011	-0.015	-0.024	-0.015	0	0.006	0.001	0.008
dome_k27ac_up_1	0.136	0.068	0.055	0.167	-0.033	0.063	0.119	-0.028	-0.018	-0.005	0.2	-0.03	0.086	0.225	-0.02	-0.003	-0.058	0.137	-0.101	0.066	-0.055	-0.01	0.001	0.079	-0.136	-0.073	-0.014	-0.226	0.041	0.033	0.037	-0.259	0.082	-0.131	-0.031	-0.045	0.012	0.295	-0.347	0.195	0.122	0.106	0.23	0.206	0.174	0.289	0.098	0.245	-0.159	-0.015	-0.08	-0.121	-0.035	0.014	-0.029	0.002	0.065	-0.035	0.018	-0.004	0.019	-0.018	0.013	-0.032	-0.003	0.002
dome_k27ac_up_2	0.138	0.121	0.085	0.204	-0.013	0.1	0.109	-0.045	-0.108	0.029	0.147	-0.022	0.065	-0.099	-0.045	-0.18	0.143	-0.156	0.074	-0.104	-0.028	-0.004	-0.022	0.031	-0.077	0.101	0.073	-0.112	-0.044	0.003	-0.014	-0.138	0.026	-0.078	-0.02	-0.047	-0.028	0.012	-0.019	0.014	-0.05	-0.077	0.022	-0.111	0.11	-0.181	0.369	-0.113	0.474	0.003	0.052	0.276	-0.068	0.08	-0.329	0.116	-0.041	-0.106	-0.03	-0.019	-0.008	-0.022	0.034	-0.12	0.019	-0.012
dome_k27ac_up_3	0.158	0.091	0.038	0.157	-0.141	-0.079	0.083	0.063	-0.111	0.039	-0.003	-0.006	0.035	-0.112	0.03	-0.048	0.042	-0.022	0.035	-0.029	0.009	0.001	-0.05	-0.054	0.002	-0.238	-0.189	-0.049	0.028	-0.015	-0.007	-0.045	0.018	-0.024	-0.016	-0.03	-0.014	0.018	0.009	0.03	-0.038	-0.074	-0.056	0.006	0.024	-0.046	0.089	-0.12	0.045	0.017	0.184	0.166	0.103	-0.085	0.425	-0.284	0.544	0.267	0.049	0.025	0.076	0.017	-0.016	-0.074	-0.002	0.039
dome_k27ac_up_4	0.14	0.084	0.058	0.131	-0.158	-0.109	0.088	0.062	-0.063	0.02	-0.101	0.002	0.036	-0.187	0.063	0.088	-0.059	0.031	-0.153	0.086	0.076	-0.037	0.029	0.095	-0.046	0.033	0.058	-0.102	-0.01	0.005	-0.009	-0.08	0.008	-0.034	-0.005	-0.153	-0.06	-0.157	0.029	0.067	-0.13	-0.339	-0.454	0.205	-0.257	0.38	-0.153	0.006	0.1	-0.138	-0.102	-0.092	-0.032	0.043	-0.135	0.073	0.055	-0.118	-0.019	-0.014	-0.029	0.022	-0.024	-0.031	0.003	0.013
dome_k27ac_center_1	0.098	0.154	0.049	-0.067	0.151	-0.055	0.173	-0.011	-0.037	0.053	0.336	-0.05	0.228	0.422	-0.072	0.049	-0.144	0.309	-0.115	0.161	-0.062	0.003	0.094	0.126	-0.158	-0.091	-0.043	0.049	0.003	0.03	-0.017	0.038	0.031	-0.023	-0.04	-0.003	0.035	-0.042	0.03	-0.046	-0.012	0.102	-0.165	-0.163	-0.232	-0.182	-0.256	-0.241	0.129	0.028	0.056	0.111	0.027	0.015	-0.02	0.001	-0.032	0.034	-0.003	0.017	-0.007	0.026	-0.009	0.017	-0.008	0.017
dome_k27ac_center_2	0.114	0.189	0.075	-0.051	0.198	-0.024	0.126	-0.013	-0.138	0.064	0.204	-0.035	0.123	-0.082	-0.067	-0.164	0.208	-0.302	0.118	-0.177	0.004	0.051	-0.035	0.006	0.015	0.273	0.199	0.008	-0.139	0.022	-0.057	-0.007	0.083	-0.123	0.01	-0.06	-0.008	0.025	-0.03	-0.016	-0.021	0.106	-0.078	-0.113	-0.138	-0.019	-0.088	0.033	-0.034	-0.032	-0.218	-0.454	-0.008	-0.084	0.205	-0.033	-0.004	0.199	0.045	0.056	0.052	0.031	-0.032	0.057	-0.031	0.033
dome_k27ac_center_3	0.125	0.131	0.037	-0.066	0.05	-0.207	0.128	0.107	-0.146	0.085	0.037	-0.032	0.09	-0.158	0.049	-0.045	0.069	-0.101	0.083	-0.05	0.018	0.037	-0.055	-0.135	0.076	-0.501	-0.417	0.025	0.068	-0.049	-0.033	0.031	-0.004	0.065	-0.045	-0.013	0.042	0.116	0.034	-0.104	-0.001	0.118	-0.087	0.036	0.006	-0.143	0.004	0.178	-0.063	0	-0.115	-0.134	-0.025	0.014	-0.103	0.095	-0.187	-0.205	-0.138	-0.096	-0.185	0.111	-0.108	-0.065	-0.01	0.01
dome_k27ac_center_4	0.104	0.135	0.041	-0.069	-0.006	-0.253	0.108	0.114	-0.099	0.065	-0.153	0.008	0.083	-0.363	0.175	0.175	-0.151	0.093	-0.225	0.15	0.147	-0.076	0.149	0.3	-0.184	0.19	0.189	0.044	-0.056	-0.006	0.034	-0.01	0.017	-0.001	-0.03	0.01	0.062	0.085	0.01	-0.086	0.025	0.15	0.034	-0.023	0.103	-0.291	0.106	0.259	-0.109	0.148	0.066	0.09	0.002	0.001	-0.004	-0.006	-0.039	0.124	0.004	0.01	0.008	0.003	-0.005	0.008	0.001	0.016
dome_k27ac_down_1	0.141	0.01	0.045	-0.156	-0.055	0.117	0.085	-0.044	-0.02	0.035	0.225	-0.036	0.148	0.148	-0.118	0.002	-0.055	0.123	-0.053	0.066	-0.014	0.019	0.055	0.053	-0.02	0.003	-0.025	0.21	-0.045	-0.1	-0.064	0.23	-0.046	0.052	0.047	0.029	-0.026	-0.286	0.302	-0.082	-0.113	-0.303	0.045	0.066	0.267	0.071	0.423	0.234	-0.071	-0.049	-0.073	-0.171	-0.009	-0.039	0.084	-0.033	0.041	-0.04	0.011	-0.041	-0.005	-0.05	0.042	0.016	-0.009	-0.025
dome_k27ac_down_2	0.148	0.043	0.066	-0.138	-0.023	0.168	0.067	-0.056	-0.101	0.043	0.158	-0.042	0.108	-0.103	-0.129	-0.116	0.152	-0.19	0.026	-0.087	0.055	0.061	0.023	0.06	-0.006	0.145	0.038	0.076	-0.09	-0.046	-0.05	0.138	0.023	-0.053	0.036	-0.021	-0.018	-0.043	-0.024	0.029	0.031	0.01	0.019	0.129	0.048	0.143	-0.323	0.057	-0.372	0.07	0.285	0.435	0.085	0.044	0.003	-0.035	0.022	-0.248	-0.12	-0.095	-0.122	-0.005	0.001	-0.041	0.046	-0.048
dome_k27ac_down_3	0.17	-0.003	0.046	-0.147	-0.169	-0.032	0.054	0.048	-0.101	0.053	0	-0.021	0.059	-0.099	0.013	-0.032	0.051	-0.061	0.021	-0.025	-0.01	0.04	-0.013	-0.033	-0.013	-0.168	-0.154	0.07	0.027	-0.02	-0.01	0.06	0.028	-0.021	0.011	0.028	0.003	0.009	0.006	0.014	0.024	0.014	0.054	0.031	0.019	0.124	-0.091	-0.084	-0.041	0.01	0.025	0.062	-0.068	0.059	-0.226	0.11	-0.159	0.252	0.286	0.22	0.39	-0.337	0.332	0.318	0.043	-0.02
dome_k27ac_down_4	0.149	0.012	0.073	-0.144	-0.197	-0.074	0.061	0.045	-0.076	0.04	-0.079	-0.005	0.044	-0.185	0.063	0.03	-0.056	0.056	-0.047	0.046	0.017	0.011	0.045	0.078	-0.081	0.035	0.021	0.12	-0.015	-0.013	0.008	0.061	0.012	0.013	0.029	0.105	0.002	0.029	-0.006	0.017	0.092	0.142	0.349	-0.13	0.162	0.221	-0.045	-0.546	0.146	-0.217	-0.101	-0.187	0.047	-0.049	0.12	-0.024	0.016	-0.3	-0.064	-0.084	-0.099	-0.005	-0.002	-0.022	-0.003	0.001
dome_h4k16ac_up_1	0.169	0.019	0.11	0.185	-0.001	0.121	0.033	-0.036	-0.033	-0.046	0.025	-0.004	-0.075	0.007	0.039	0.021	-0.017	-0.024	-0.043	-0.002	-0.002	-0.014	-0.024	-0.038	0.016	0.047	0.03	-0.126	0.129	0.03	0.106	-0.04	-0.047	0.106	-0.093	-0.003	0.063	0.089	0.048	-0.137	-0.034	-0.125	0.032	0.036	-0.014	-0.017	0.063	-0.067	-0.008	-0.007	0.036	0.083	0.041	-0.09	0.155	-0.031	-0.191	0.015	-0.096	-0.053	-0.203	0.114	-0.153	0.763	0.063	0.057
dome_h4k16ac_up_2	0.132	0.046	0.113	0.169	0.057	0.194	-0.017	-0.065	-0.004	-0.075	0.085	-0.007	-0.296	-0.049	0.05	0.062	0.004	-0.049	-0.134	0.059	0.026	-0.04	-0.02	0.004	-0.034	-0.082	-0.035	-0.13	0.011	0.045	-0.028	-0.171	0.026	-0.115	-0.04	-0.055	0.074	-0.318	0.287	-0.293	0.079	0.057	0.254	0.12	0.175	-0.149	-0.424	0.122	0.131	-0.012	-0.06	-0.123	-0.018	0.046	-0.025	0.02	0.106	-0.012	0.047	0.014	0.038	-0.036	0.041	-0.09	0.028	-0.058
dome_h4k16ac_center_1	0.142	0.112	0.083	-0.09	0.227	0.004	0.029	0.002	-0.062	-0.034	0.036	-0.007	-0.117	0.032	0.087	0.087	-0.036	-0.014	0.023	-0.029	-0.018	0.009	-0.032	-0.089	0.07	0.113	0.08	-0.1	0.242	0.072	0.187	0.064	-0.109	0.216	-0.232	0.044	0.177	0.31	0.096	-0.316	-0.05	-0.146	0.026	-0.075	-0.171	0.18	0.113	-0.078	-0.116	0.073	0.002	0.006	-0.007	0.033	-0.004	-0.007	0.079	-0.04	-0.003	-0.008	0.047	-0.18	0.124	-0.273	0.162	-0.274
dome_h4k16ac_center_2	0.09	0.143	0.091	-0.076	0.319	0.044	-0.019	-0.069	-0.023	-0.073	0.131	0.005	-0.539	-0.135	0.086	0.138	-0.054	0.05	-0.072	0.062	-0.027	-0.026	-0.018	-0.034	-0.005	-0.167	-0.003	0.104	-0.166	-0.014	-0.167	0.015	0.089	-0.232	0.013	-0.031	-0.068	-0.137	-0.024	0.147	0.025	0.162	-0.089	-0.14	-0.099	0.227	0.3	-0.12	-0.15	0.024	0.048	0.102	0.012	0	-0.028	-0.003	-0.065	0.057	-0.027	0.011	-0.008	0.042	-0.033	0.026	-0.018	0.036
dome_h4k16ac_down_1	0.173	-0.061	0.108	-0.142	-0.043	0.155	0.009	-0.056	-0.034	-0.035	0.034	-0.006	-0.078	-0.038	0.013	0.006	-0.021	0.028	0.018	-0.022	-0.025	0.011	-0.006	-0.017	0.01	0.053	0.006	0.001	0.106	-0.001	0.083	0.07	-0.05	0.133	-0.051	0.055	0.067	0.135	0.013	-0.093	-0.013	-0.108	0.06	0.017	0	0.052	-0.058	-0.015	-0.024	-0.022	-0.009	0.048	-0.013	0.054	-0.114	0.043	-0.033	0.152	0.024	0.093	0.123	0.259	-0.126	-0.196	-0.374	0.674
dome_h4k16ac_down_2	0.132	0.003	0.127	-0.131	0.034	0.212	-0.032	-0.104	-0.001	-0.07	0.086	0.001	-0.302	-0.138	-0.001	-0.005	-0.06	0.133	0.023	0.001	-0.021	0.016	0.033	0.031	-0.05	-0.007	-0.03	0.175	-0.07	-0.088	0.004	0.131	0.001	0.149	0.119	0.063	-0.035	0.321	-0.259	0.288	-0.103	-0.253	-0.126	0.12	0.071	-0.342	-0.205	0.075	0.2	-0.053	-0.03	-0.127	-0.007	-0.036	0.083	-0.013	0.034	-0.072	0.022	-0.021	-0.018	-0.121	0.055	0.004	0.065	-0.113
dome_k56ac_up_1	0.073	0.019	0.064	0.133	-0.086	-0.18	-0.294	-0.347	-0.086	-0.044	0.054	-0.019	0.135	-0.139	-0.346	0.435	-0.185	-0.116	0.044	-0.093	-0.321	0.089	-0.078	-0.057	-0.102	0.033	-0.07	0.117	-0.065	0.375	-0.073	0.016	-0.019	0.015	-0.02	-0.01	-0.008	0.049	0.01	-0.015	0.013	0.015	-0.006	-0.016	0.004	-0.012	-0.004	0.039	0	0.009	-0.002	0	0	0.004	-0.019	0.003	0.017	-0.009	0.003	-0.006	-0.013	-0.002	0	-0.003	0.001	0.002
dome_k56ac_center_1	0.052	0.035	0.058	0	-0.007	-0.343	-0.413	-0.488	-0.12	-0.031	0.093	-0.007	0.022	0.048	0.023	-0.082	0.075	-0.023	-0.035	0.034	0.132	-0.057	0.063	0.037	-0.002	-0.063	0.083	-0.144	0.104	-0.572	0.128	0.017	0.029	-0.027	0.022	0.067	0.04	-0.044	-0.019	0	-0.006	0	0.008	-0.004	-0.006	0.015	-0.012	-0.02	0.007	0.007	-0.002	-0.004	-0.009	0.001	0.003	0.001	-0.001	0.006	0.001	-0.001	0.004	-0.009	-0.005	0	-0.004	0.004
dome_k56ac_down_1	0.09	-0.061	0.094	-0.087	-0.153	-0.188	-0.242	-0.22	-0.066	-0.004	0.044	0.009	-0.075	0.178	0.334	-0.385	0.147	0.084	-0.055	0.085	0.229	0	0.031	0.054	0.086	0.003	-0.008	0.125	-0.122	0.556	-0.131	-0.049	-0.067	0.024	-0.076	-0.123	-0.035	0.066	0.035	-0.018	-0.022	-0.019	-0.022	0.008	0.017	-0.024	0.032	0.022	-0.034	0.003	-0.003	0.003	0.003	-0.008	-0.002	-0.005	0.007	-0.036	-0.009	-0.001	-0.014	-0.005	0.003	0.004	0.006	0.007
dome_k64ac_up_1	0.098	0.022	0.001	0.125	-0.119	-0.114	0.022	0.076	0.338	-0.298	0.107	0.012	-0.012	-0.01	-0.022	0.041	0.026	-0.004	-0.043	0.019	0.216	0.661	0.049	-0.064	0.06	0.034	0.024	0.113	-0.117	-0.099	-0.04	-0.072	0.316	0.16	-0.176	0.096	0.063	0.012	0.002	-0.034	-0.024	0.05	-0.017	-0.034	-0.022	0.002	0.019	0.02	0.003	0.001	-0.005	0.013	-0.011	0.024	-0.041	0.006	0.038	-0.006	0.026	-0.027	0.001	0.013	0.007	0.005	-0.017	0.001
dome_k64ac_up_2	0.169	0.062	-0.031	0.137	-0.115	-0.052	0.012	0.033	0.078	-0.02	0.005	-0.001	0.022	0.057	0.05	0.071	-0.062	0.067	0.007	0.026	-0.02	-0.025	-0.061	-0.154	0.201	0.055	0.051	-0.035	-0.104	-0.062	-0.055	-0.081	-0.045	-0.046	0.184	-0.116	-0.004	0.016	0	-0.035	-0.015	-0.041	-0.002	0.012	0.046	-0.06	-0.017	-0.042	-0.032	-0.004	0.032	0.017	0.04	-0.048	0.182	-0.032	-0.308	0.075	-0.628	0.237	0.084	-0.292	0.14	-0.144	-0.118	0.051
dome_k64ac_center_1	0.07	0.077	-0.014	-0.053	0.017	-0.264	0.036	0.105	0.477	-0.43	0.182	-0.009	-0.035	-0.096	-0.082	-0.099	0.097	-0.107	0.02	-0.067	-0.011	-0.108	0.045	0.145	-0.2	-0.018	-0.073	-0.043	0.236	0.106	0.133	0.162	-0.36	-0.196	0.159	-0.092	-0.044	-0.01	-0.005	0.03	0.041	-0.05	0.021	0.001	0.028	0.005	-0.009	-0.022	0.007	0.014	0.013	-0.01	0.005	-0.003	0.009	-0.004	-0.012	0.01	-0.002	0.007	-0.007	-0.005	-0.008	0.008	-0.005	0.014
dome_k64ac_center_2	0.142	0.125	-0.046	-0.085	0.057	-0.161	0.024	0.058	0.079	0.006	0.014	-0.001	0.035	0.089	0.09	0.146	-0.077	0.068	0.032	0.025	-0.014	-0.04	-0.119	-0.249	0.352	0.12	0.101	-0.007	-0.149	-0.099	-0.1	-0.069	-0.128	-0.057	0.358	-0.231	0.029	0.149	-0.009	-0.151	-0.012	0.032	0.033	0	0.037	-0.042	-0.016	0.039	0.037	-0.061	0.042	0.071	-0.021	0.019	-0.098	0.001	0.206	-0.196	0.331	-0.167	-0.026	0.013	0.042	0.149	-0.267	-0.023
dome_k64ac_down_1	0.11	-0.04	0.002	-0.136	-0.153	-0.071	0.01	0.042	0.249	-0.224	0.095	-0.02	0.042	-0.045	-0.031	-0.054	0.016	-0.004	0.093	-0.035	-0.181	-0.61	-0.078	-0.013	0.04	-0.037	0.078	-0.023	-0.193	-0.036	-0.118	-0.146	0.379	0.21	-0.271	0.136	0.058	-0.015	0.031	-0.024	-0.057	0.024	-0.04	-0.017	-0.041	-0.019	-0.002	0.022	-0.046	-0.004	0.015	0.01	-0.002	-0.006	0.011	0.005	0.026	-0.066	0.019	-0.023	-0.001	-0.016	0.02	0.022	-0.031	-0.016
dome_k64ac_down_2	0.177	-0.019	-0.042	-0.148	-0.139	-0.004	-0.007	0.017	0.068	-0.006	0.021	0.009	0.035	0.044	0.02	0.068	-0.043	0.029	0.006	0.022	-0.014	-0.029	-0.055	-0.119	0.155	0.049	0.03	0.029	-0.081	-0.074	-0.058	-0.01	-0.029	-0.05	0.145	-0.076	0.002	0.045	-0.021	-0.041	0.012	0.009	0.05	0.024	0.044	0.037	-0.028	-0.012	0.061	0.014	-0.01	0.012	-0.031	0.039	-0.094	0.012	-0.042	0.222	0.022	0.093	-0.027	0.26	-0.22	-0.108	0.766	0.113
dome_k122ac_up_1	0.102	0.016	0.11	0.163	0.064	0.153	-0.006	-0.013	-0.131	-0.313	-0.214	0.025	0.128	0.134	0	-0.031	0.029	-0.109	-0.198	0.081	0.218	-0.157	-0.264	-0.28	-0.364	0.033	-0.028	0.229	0.018	-0.067	0.045	0.068	0.001	0.31	0.167	-0.19	-0.105	-0.02	-0.004	0.051	0.039	0.191	-0.053	-0.149	-0.004	0.058	0.014	0.054	-0.015	0.028	-0.016	-0.017	0.003	0.002	-0.024	0	0.014	-0.001	0.015	0.008	0.021	-0.002	0.009	-0.04	0.011	-0.012
dome_k122ac_center_1	0.073	0.07	0.081	-0.071	0.255	0.023	-0.021	0.022	-0.221	-0.486	-0.399	0.077	0.251	0.097	0.001	-0.054	-0.017	0.071	0.024	0.016	-0.043	0.038	-0.01	-0.017	0.112	-0.025	-0.012	0.03	-0.088	0.008	-0.121	0	-0.003	-0.422	-0.151	0.254	0.095	0.028	-0.013	0.018	-0.039	-0.189	0.049	0.122	0.049	-0.044	-0.028	-0.035	0.025	-0.013	0.013	0.014	-0.006	0.003	-0.002	0.003	-0.02	0.008	-0.009	0	-0.009	0.012	-0.01	0.004	-0.006	0.005
dome_k122ac_down_1	0.107	-0.043	0.123	-0.124	0.027	0.189	-0.044	-0.052	-0.117	-0.289	-0.149	0.028	0.079	-0.086	-0.081	-0.09	-0.047	0.151	0.182	-0.045	-0.191	0.122	0.296	0.323	0.246	-0.092	-0.018	-0.235	0.023	0.013	0.075	-0.102	0.02	0.283	0.161	-0.32	-0.124	-0.125	0.014	-0.009	0.047	0.217	-0.077	-0.122	-0.023	0.024	0.059	0.028	-0.023	0.024	-0.018	-0.023	0.007	-0.02	0.027	-0.009	0.016	-0.008	0.006	0.004	0.013	-0.023	0.016	-0.002	0.025	-0.038
dome_ntac_up_1	0.107	0.117	0.024	0.126	-0.054	0.124	0.003	-0.091	0.179	0.092	-0.076	0.323	0.04	0.102	0.139	0.032	0.085	-0.147	-0.137	0.043	-0.194	0.04	-0.321	0.426	0.165	-0.044	-0.041	0.122	-0.087	-0.151	-0.085	0.006	-0.253	0.058	-0.106	0.216	-0.345	0.107	0.027	-0.091	0.074	0.093	-0.045	-0.024	-0.083	0.006	-0.001	0.026	-0.014	-0.016	-0.022	-0.011	-0.001	0.008	-0.019	0.002	0.026	-0.003	0.012	-0.01	0.016	-0.014	0.001	-0.011	-0.008	-0.009
dome_ntac_up_2	0.105	0.119	0.029	0.123	-0.046	0.122	0.009	-0.099	0.189	0.083	-0.188	-0.248	0.033	0.094	0.147	-0.002	0.127	-0.188	-0.247	-0.038	-0.247	-0.045	0.481	-0.123	0.049	0.041	-0.115	0.107	-0.118	-0.065	-0.075	0.024	-0.262	0.076	-0.06	0.076	0.379	-0.06	-0.058	0.141	-0.014	0.129	-0.046	-0.034	-0.059	0.022	0.03	0.037	0.014	-0.025	-0.005	-0.019	-0.001	0.003	-0.008	0.005	0.044	0	0.019	0.003	0.003	0.002	0.001	-0.014	-0.002	-0.005
dome_ntac_center_1	0.067	0.192	0.003	-0.071	0.123	0.022	0.015	-0.152	0.243	0.207	-0.165	0.607	0.08	0.039	0.056	-0.012	-0.004	-0.066	0.038	-0.037	-0.039	0.004	-0.02	0.028	-0.058	-0.078	0.006	0.038	0.12	0.091	0.087	0.101	0.3	-0.011	0.058	-0.268	0.354	-0.102	-0.048	0.121	-0.07	-0.093	0.073	0.012	0.071	0.002	-0.009	-0.031	0.014	0.025	0.012	0.01	0.007	-0.002	0.005	0.002	-0.018	-0.001	-0.01	0.009	-0.009	0.013	0.003	0.003	-0.009	0.01
dome_ntac_center_2	0.065	0.19	0.012	-0.069	0.136	0.02	0.025	-0.19	0.301	0.176	-0.343	-0.49	0.042	0.068	0.074	-0.014	0.025	-0.009	0.001	-0.051	-0.073	0.038	0.017	0.004	-0.079	-0.077	0.045	0.019	0.13	0.038	0.035	0.062	0.337	-0.09	0.017	-0.112	-0.416	0.089	0.033	-0.121	0.012	-0.133	0.05	0.013	0.067	-0.014	-0.023	-0.024	0.001	0.022	0.008	0.014	0.007	-0.003	0.007	-0.006	-0.017	0.01	-0.003	0	-0.002	0.014	-0.008	-0.003	-0.002	0.011
dome_ntac_down_1	0.102	0.119	0.004	-0.115	-0.059	0.169	-0.006	-0.149	0.173	0.115	-0.052	0.332	0.074	-0.122	-0.14	-0.06	-0.077	0.156	0.135	0.006	0.213	-0.035	0.339	-0.395	-0.194	0.02	-0.009	-0.162	-0.038	0.027	-0.065	-0.15	-0.168	-0.089	-0.06	0.225	-0.309	0.062	0.07	-0.115	0.056	0.107	-0.107	-0.035	-0.056	-0.005	0.02	0.052	-0.031	-0.061	-0.012	-0.01	0.009	-0.005	0.018	0.002	0.016	-0.006	0.013	-0.017	-0.004	-0.032	0.009	0.013	-0.01	-0.016
dome_ntac_down_2	0.099	0.122	0.007	-0.108	-0.052	0.165	-0.012	-0.167	0.191	0.115	-0.168	-0.295	0.037	-0.099	-0.168	-0.082	-0.087	0.203	0.229	0.039	0.249	0.062	-0.461	0.144	-0.045	-0.046	0.023	-0.111	-0.066	0.032	0.009	-0.085	-0.219	-0.018	-0.027	0.081	0.382	-0.125	-0.016	0.08	-0.006	0.133	-0.081	-0.053	-0.066	0.001	0.044	0.042	-0.005	-0.033	-0.008	-0.014	-0.004	-0.003	0.02	0.007	0.005	-0.005	0.004	-0.009	-0.011	-0.031	0.005	0.016	0.003	-0.018
