name	DNAme_group	lg_k4me2_enrich	lg_mznps_atac	lg_mznps_k27ac	lg_h2az	sphere_DNAme_prop
atac_L00114	LOW	1.894	-1.847	-2.008	-2.043	0
atac_L00226	LOW	3.618	0.479	-0.307	-1.563	0
atac_L00228	LOW	2.094	0.483	0.588	-1.172	0
atac_L00274	LOW	2.886	0.184	0.197	-1.42	0
atac_L00285	LOW	3.358	1.173	1.193	-1.315	0
atac_L00311	LOW	0.956	-0.246	-0.405	-2.016	0
atac_L00312	LOW	2.279	0.353	0.17	-1.839	4.857
atac_L00403	LOW	-0.009	-3.11	-0.469	-2.53	4.722
atac_L00438	LOW	2.123	-1.179	-0.616	-1.583	0.2
atac_L00524	LOW	0.435	-3.765	-1.323	-1.437	0
atac_L00545	LOW	2.788	-0.529	-0.239	-0.869	0.333
atac_L00547	LOW	2.314	0.164	-0.445	-1.487	0
atac_L00580	LOW	0.815	-0.065	0.978	-1.888	0
atac_L00623	LOW	1.278	0.038	-0.069	-1.682	0
atac_L00850	LOW	2.42	0.288	-0.851	-1.344	0.667
atac_L00905	LOW	1.11	0.616	0.681	-2.327	0
atac_L00913	LOW	1.896	0.876	0.759	-2.011	6
atac_L00942	LOW	0.532	-0.366	-0.367	-1.225	1.75
atac_L00970	LOW	1.781	0.192	0.7	-1.687	0
atac_L01081	LOW	3.063	0.616	-0.048	-0.862	0
atac_L01090	LOW	2.902	-1.88	0.086	-1.515	0
atac_L01152	LOW	3.76	-0.286	0.731	-2.083	0
atac_L01288	LOW	3.63	0.564	0.683	-1.93	0
atac_L01355	LOW	1.045	0.552	1.641	-1.345	0.67
atac_L01441	LOW	3.693	-0.346	1.332	-1.433	0
atac_L01461	LOW	2.043	0.711	0.58	-1.265	0
atac_L01526	LOW	2.792	-0.551	0.963	-1.709	7
atac_L01554	LOW	0.785	0.478	0.545	-2.112	0
atac_L01702	LOW	2.953	0.336	0.373	-1.244	0
atac_L01758	LOW	0.175	-2.911	-1.384	-1.817	0
atac_L01893	LOW	1.416	-1.073	-0.586	-1.559	0
atac_L01957	LOW	2.586	0.191	0.997	-1.41	0
atac_L02031	LOW	2.777	0.747	0.459	-1.706	0
atac_L02064	LOW	0.315	0.01	0.334	-2.385	2.2
atac_L02082	LOW	1.971	-0.363	0.068	-1.356	0
atac_L02114	LOW	2.673	0.52	0.26	-1.34	0
atac_L02237	LOW	1.692	0.634	0.02	-1.815	0.8
atac_L02333	LOW	2.996	0.296	-0.111	-1.667	0
atac_L02407	LOW	2.806	0.626	0.154	-1.305	0.875
atac_L02663	LOW	2.343	-0.657	0.478	-0.979	0
atac_L02765	LOW	1.02	0.304	0.669	-2.147	3.4
atac_L02785	LOW	0.175	-0.127	0.005	-1.957	0
atac_L02862	LOW	0.504	0.324	0.316	-1.525	0
atac_L02872	LOW	3.387	0.623	0.792	-1.226	0
atac_L02930	LOW	1.81	0.336	0.681	-1.902	0
atac_L02943	LOW	1.25	0.643	1.219	-1.549	2.118
atac_L03065	LOW	1.38	-0.507	-1.254	-2.348	0
atac_L03337	LOW	0.406	-0.553	-0.258	-1.363	0
atac_L03350	LOW	2.447	-0.921	-0.528	-1.543	6.667
atac_L03353	LOW	1.218	-0.306	-1.903	-1.824	0.214
atac_L03464	LOW	2.221	-0.289	-0.097	-1.574	0
atac_L03492	LOW	0.285	-3.288	-0.739	-1.846	0
atac_L03538	LOW	3.451	-0.054	-0.047	-1.568	0
atac_L03549	LOW	2.602	-0.296	0.725	-1.33	0.273
atac_L03575	LOW	2.333	0.829	0.659	-1.272	0
atac_L03576	LOW	2.627	0.646	1.214	-1.456	0
atac_L03626	LOW	0.623	-0.324	-1.644	-1.324	0.5
atac_L03707	LOW	1.066	-1.478	0.476	-1.078	0
atac_L03794	LOW	3.325	0.626	0.935	-0.141	0
atac_L03881	LOW	2.538	0.293	0.076	-1.612	0
atac_L04124	LOW	1.191	0.432	0.095	-1.87	0.167
atac_L04166	LOW	1.944	0.319	-0.166	-1.56	0.364
atac_L04168	LOW	2.396	0.265	0.644	-1.839	0
atac_L04175	LOW	1.622	0.131	0.383	-1.703	0
atac_L04360	LOW	1.314	0.476	0.38	-1.772	0
atac_L04481	LOW	2.908	-0.469	0.275	-0.73	0
atac_L04520	LOW	2.195	0.162	0.468	-0.723	0.286
atac_L04605	LOW	2.766	-0.057	0.352	-1.771	0
atac_L04629	LOW	2.897	-0.255	0.156	-1.692	0
atac_L04675	LOW	2.611	0.601	1.146	-1.389	0
atac_L04765	LOW	2.856	0.646	0.304	-1.301	0
atac_L04768	LOW	1.25	-1.495	-0.424	-1.309	0
atac_L04815	LOW	2.127	0.618	0.62	-0.902	0
atac_L04870	LOW	1.044	-0.103	0.225	-1.308	0
atac_L04969	LOW	1.057	-5.115	-1.063	-2.086	0
atac_L05133	LOW	1.729	-0.667	0.028	-1.501	12.5
atac_L05179	LOW	0.526	0.499	1.297	-1.759	0
atac_L05257	LOW	1.44	0.47	0.035	-1.627	0
atac_L05373	LOW	2.013	0.089	0.433	-1.085	0
atac_L05380	LOW	1.174	0.039	0.007	-2.568	3
atac_L05570	LOW	2.96	0.344	0.624	-1.433	0.1
atac_L05655	LOW	-0.817	-0.305	1.073	-1.468	0
atac_L05683	LOW	0.762	-3.422	-0.963	-2.404	2.1
atac_L05701	LOW	1.784	-0.066	0.355	-1.99	0
atac_L05706	LOW	2.888	-0.226	0.597	-1.768	0
atac_L05714	LOW	2.308	0.482	0.454	-1.371	0
atac_L05916	LOW	0.083	-0.068	-0.396	-1.168	0
atac_L05991	LOW	3.097	-1.262	-0.024	-1.028	0
atac_L06020	LOW	3.83	0.474	0.114	-2.07	0.5
atac_L06023	LOW	2.448	0.224	1.115	-1.841	0
atac_L06096	LOW	2.558	0.377	0.357	-1.713	0
atac_L06247	LOW	0.429	-2.366	0.072	-1.857	12.667
atac_L06269	LOW	1.841	-1.469	-1.297	-1.671	0
atac_L06274	LOW	1.707	0.18	-0.291	-1.862	0
atac_L06281	LOW	2.283	0.081	-0.157	-1.562	0
atac_L06489	LOW	2.835	-0.436	1.185	-1.693	0
atac_L06662	LOW	1.322	-3.282	-1.974	-1.657	0
atac_L06727	LOW	2.664	-0.082	0.351	-1.211	0
atac_L06800	LOW	3.667	0.412	1.052	-1.701	0
atac_L06809	LOW	2.273	0.826	-0.034	-1.87	0
atac_L06820	LOW	1.825	0.229	1.144	-1.4	0
atac_L06926	LOW	0.812	-1.179	-0.147	-2.004	0
atac_L07122	LOW	2.211	-1.01	0.091	-1.977	0
atac_L07176	LOW	1.291	0.036	0	-1.261	0
atac_L07185	LOW	0.722	-4.837	-3.223	-2.955	3.833
atac_L07225	LOW	1.666	0.427	0.552	-2.011	1.25
atac_L07249	LOW	0.461	-1.567	0.49	-1.352	0.6
atac_L07405	LOW	2.565	0.543	0.187	-2.062	0
atac_L07427	LOW	2.088	-0.65	0.81	-1.467	0.5
atac_L07513	LOW	2.123	-0.812	0.037	-1.548	0
atac_L07533	LOW	3.137	0.14	0.536	-1.521	0
atac_L07684	LOW	1.233	-2.265	-2.05	-2.293	0.583
atac_L07752	LOW	2.209	0.35	0.803	-1.436	0.286
atac_L07753	LOW	0.82	-0.624	0.447	-1.971	0
atac_L07865	LOW	3.643	-0.085	-0.075	-0.463	0.8
atac_L07953	LOW	0.882	-2.066	-1.221	-1.553	0
atac_L08088	LOW	0.84	-1.981	-3.011	-1.766	0.4
atac_L08114	LOW	2.25	0.125	-1.638	-1.983	0.15
atac_L08162	LOW	1.684	-0.692	0.332	-2.025	0
atac_L08193	LOW	0.666	-0.139	-0.237	-2.01	1.667
atac_L08203	LOW	1.941	0.047	1.26	-1.897	0
atac_L08337	LOW	2.677	0.299	0.176	-1.795	0
atac_L08375	LOW	1.057	0.15	0.12	-1.738	0
atac_L08623	LOW	2.079	0.611	-0.5	-1.188	0
atac_L08705	LOW	3.066	0.329	0.155	-1.498	0
atac_L08855	LOW	0.754	0.361	-2.906	-1.559	0
atac_L08924	LOW	2.041	-4.378	-2.847	-2.492	0
atac_L08970	LOW	0.176	-0.273	-0.641	-1.616	0
atac_L08994	LOW	2.526	0.579	0.425	-1.95	0
atac_L09047	LOW	3.004	0.479	-0.493	-1.752	0.667
atac_L09108	LOW	0.932	0.565	0.314	-1.53	0
atac_L09134	LOW	1.782	-1.094	0.268	-1.337	0.25
atac_L09142	LOW	2.524	0.562	0.396	-1.931	0.333
atac_L09315	LOW	2.907	-0.273	0.188	-1.09	0
atac_L09529	LOW	0.755	0.639	1.484	-1.884	0
atac_L09544	LOW	2.625	0.045	0.672	-0.838	0
atac_L09556	LOW	1.147	0.336	0.49	-1.524	0
atac_L09626	LOW	1.79	-0.391	0.233	-1.944	0.286
atac_L09853	LOW	1.262	0.694	1.024	-0.849	0.6
atac_L09854	LOW	1.077	0.268	0.908	-1.522	0
atac_L10001	LOW	3.097	0.073	-2.567	-1.567	0
atac_L10069	LOW	2.459	0.19	0.241	-0.336	0
atac_L10115	LOW	1.253	0.432	0.337	-1.755	0
atac_L10179	LOW	2.098	0.433	0.484	-1.585	0.316
atac_L10207	LOW	3.213	-1.353	0.474	-1.155	0
atac_L10212	LOW	0.884	0.127	0.597	-1.567	0
atac_L10350	LOW	1.556	0.033	-0.203	-1.408	12.625
atac_L10385	LOW	1.017	0.002	-1.195	-1.907	0
atac_L10414	LOW	2.203	0.176	0.32	-0.504	0
atac_L10445	LOW	-1.272	0.074	1.27	-1.448	0
atac_L10523	LOW	2.987	0.039	-0.087	-0.979	0
atac_L10561	LOW	3.239	0.123	-0.007	-1.293	0
atac_L10566	LOW	1.402	0.376	0.422	-2.209	0
atac_L10567	LOW	0.407	-0.676	0.332	-2.625	0
atac_L10613	LOW	1.928	-0.19	0.645	-1.452	0
atac_L10646	LOW	0.904	-1.05	-0.932	-1.552	0
atac_L10685	LOW	3.19	0.168	0.303	-1.555	0
atac_L10773	LOW	1.911	0.4	0.244	-0.958	0
atac_L10776	LOW	0.545	1.162	0.901	-2.811	0
atac_L11074	LOW	1.508	-0.283	-0.095	-1.754	2
atac_L11160	LOW	2.117	1.373	0.296	-1.859	0
atac_L11325	LOW	1.038	0.622	0.32	-1.745	0
atac_L11580	LOW	2.556	0.052	0.546	-1.275	0
atac_L11594	LOW	1.013	0.215	0.619	-1.952	0
atac_L11647	LOW	0.7	0.897	0.539	0.597	0.7
atac_L11700	LOW	0.949	0.417	0.411	-1.81	0.667
atac_L11884	LOW	3.69	-0.102	-0.336	-1.65	0
atac_L11948	LOW	2.803	-1.121	0.425	-1.203	0
atac_L12085	LOW	1.55	-0.551	0.781	-1.276	0.8
atac_L12107	LOW	2.104	0.291	0.335	-1.531	0
atac_L12109	LOW	2.268	0.605	0.636	-1.722	0
atac_L12163	LOW	1.163	0.349	0.789	-1.95	0
atac_L12292	LOW	0.18	-2.463	0.256	-2.481	0
atac_L12310	LOW	1.593	0.328	1.066	-0.81	0
atac_L12323	LOW	2.003	-2.758	-1.593	-2.265	0
atac_L12360	LOW	-0.364	-1.973	-0.013	-2.918	0
atac_L12380	LOW	2.668	1.294	0.256	-1.358	0
atac_L12432	LOW	3.067	0.42	-0.502	-1.225	0.7
atac_L12442	LOW	1.162	-2.818	-0.141	-2.442	0
atac_L12456	LOW	3.728	0.819	0.55	-0.959	0
atac_L12883	LOW	-0.627	0.375	0.707	-2.132	0
atac_L12895	LOW	1.027	0.522	-0.107	-1.575	0
atac_L12946	LOW	3.374	0.431	0.804	-0.488	0
atac_L13097	LOW	-0.328	0.682	0.431	-2.013	0.845
atac_L13199	LOW	0	0.428	1.675	-2.261	0
atac_L13272	LOW	-0.361	0.338	0.194	-2.046	0
atac_L13395	LOW	3.273	0.446	-0.25	-1.503	1.25
atac_L13396	LOW	2.855	-1.016	0.351	-1.55	0
atac_L13815	LOW	2.864	0.421	1.593	-1.751	0
atac_L13932	LOW	0.952	-0.073	1.799	-1.767	0
atac_L14063	LOW	2.72	-0.434	0.708	-1.823	0
atac_L14064	LOW	2.78	-0.086	0.42	-1.506	0.062
atac_L14114	LOW	3.182	0.203	0.593	-1.605	0
atac_L14166	LOW	0.815	0.321	-0.573	-0.969	0.636
atac_L14198	LOW	2.715	-0.204	-2.647	-1.885	1.458
atac_L14237	LOW	2.624	-0.355	-0.716	-2.157	0
atac_L14295	LOW	3.359	0.717	0.271	-1.63	0.75
atac_L14364	LOW	1.738	0.904	0.203	-1.766	0
atac_L14472	LOW	1.309	0.329	0.867	-1.937	0
atac_L14710	LOW	3.293	0.262	0.664	-1.253	0
atac_L14960	LOW	1.627	-0.042	0.298	-1.021	0
atac_L15165	LOW	-0.009	-0.312	1.05	-2.128	0.733
atac_L15166	LOW	-0.095	-0.937	0.364	-1.891	0.833
atac_L15223	LOW	2.205	0.134	0.566	-0.683	0.583
atac_L15230	LOW	1.451	0.415	0.138	-0.427	0
atac_L15289	LOW	3.274	0.451	-0.696	-1.816	0
atac_L15351	LOW	3.228	-3.097	-0.627	-0.996	0
atac_L15398	LOW	2.3	0.169	-0.348	-1.119	0
atac_L15402	LOW	1.657	0.157	0.218	-0.624	0.267
atac_L15550	LOW	2.825	-1.754	-0.073	-0.806	0
atac_L15772	LOW	2.407	0.019	0.12	-1.491	0.143
atac_L16275	LOW	3.464	-0.147	0.505	-1.176	0
atac_L16320	LOW	0.284	-1.72	-0.611	-1.803	0
atac_L16418	LOW	1.294	-0.232	0.049	-1.556	0
atac_L16586	LOW	1.773	0.506	0.229	-1.899	0
atac_L16589	LOW	1.28	-0.094	-0.575	-2.021	0
atac_L16660	LOW	3.685	-0.109	0.158	-1.735	0
atac_L16672	LOW	3.578	0.172	-0.073	-1.41	0
atac_L16724	LOW	0.395	-0.281	-0.181	-2.243	4.167
atac_L16754	LOW	2.084	-0.194	0.366	-1.82	0.125
atac_L16846	LOW	3.295	0.598	-0.07	-1.354	0
atac_L16881	LOW	1.301	-0.06	0.465	-1.207	1.375
atac_L16909	LOW	2.103	0.094	0.522	-0.877	0
atac_L17098	LOW	1.953	0.469	0.107	-0.606	0
atac_L17295	LOW	3.035	0.174	0.517	-1.167	0
atac_L17328	LOW	3.355	0.538	0.494	-1.617	0
atac_L17410	LOW	3.639	-0.483	0.013	-0.518	0
atac_L17444	LOW	0.434	0.022	-0.789	-1.904	0
atac_L17447	LOW	2.369	0.061	-1.021	-2.231	0
atac_L17592	LOW	2.516	-0.314	0.799	-1.209	0
atac_L17660	LOW	-0.359	-0.183	0.935	-1.914	0
atac_L17666	LOW	1.476	0.434	0.528	-1.8	0.067
atac_L17667	LOW	1.929	0.357	0.538	-2.04	0
atac_L17857	LOW	3.034	-0.004	0.04	-1.553	0
atac_L17981	LOW	3.685	0.291	0.334	-1.613	0
atac_L17986	LOW	1.067	0.633	0.911	-1.903	0
atac_L17994	LOW	1.755	0.618	-0.148	-1.88	0
atac_L18016	LOW	2.625	0.563	-0.28	-0.477	0
atac_L18100	LOW	3.406	0.174	0.539	-2.258	13.5
atac_L18115	LOW	2.166	0.627	0.686	-1.194	0
atac_L18123	LOW	0.29	-0.27	0.262	-2.313	11
atac_L18124	LOW	0.54	-1.11	-0.497	-2.35	19.45
atac_L18305	LOW	3.255	0.396	0.411	-1.883	0
atac_L18361	LOW	2.425	0.405	0.681	-1.521	0
atac_L18415	LOW	2.369	0.503	0.912	-1.456	11.833
atac_L18560	LOW	4.1	-0.184	0.053	-1.237	0.062
atac_L18629	LOW	3.859	-0.027	0.515	-1.497	0
atac_L18652	LOW	0.084	0.028	0.028	-1.334	0
atac_L18731	LOW	2.498	-0.299	0.27	-1.106	0
atac_L18812	LOW	1.604	-0.414	-1.487	-1.434	0
atac_L19010	LOW	0.181	0.129	-1.849	-2.091	0
atac_L19094	LOW	1.135	0.239	-1.485	-1.872	0
atac_L19110	LOW	2.586	-0.061	0.482	-1.465	11.583
atac_L19141	LOW	2.738	0.347	-0.234	-1.027	0.667
atac_L19261	LOW	1.574	-0.026	1.051	-1.512	0
atac_L19532	LOW	2.188	-0.893	0.332	-1.877	1.25
atac_L19567	LOW	0.79	0.512	0.672	-2.326	0.833
atac_L19741	LOW	1.444	0.346	0.74	-1.864	0.263
atac_L19799	LOW	1.75	0.519	0.171	-2.188	0
atac_L19802	LOW	1.294	-0.418	0.034	-0.946	0.188
atac_L19975	LOW	1.396	-1.15	-0.59	-2.213	0
atac_L20077	LOW	2.205	-1.203	-1.154	-1.645	0.083
atac_L20220	LOW	0.824	0.607	0.275	-1.163	0
atac_L20347	LOW	0.351	-1.223	0.823	-2.534	0
atac_L20351	LOW	2.456	0.78	-0.05	-2.004	0
atac_L20404	LOW	0.023	-2.824	-0.231	-2.34	0
atac_L20461	LOW	2.746	0.332	-0.014	-1.389	0
atac_L20522	LOW	0.641	-0.225	-1.155	-2.101	0.5
atac_L20541	LOW	2.754	0.8	0.094	-1.29	0
atac_L20636	LOW	2.309	-1.654	-1.05	-2.038	0
atac_L20718	LOW	1.794	-0.411	0.913	-1.67	0.867
atac_L20758	LOW	0.539	-2.085	0.117	-1.465	0
atac_L20779	LOW	2.522	0.211	0.152	-1.163	0
atac_L20855	LOW	1.497	-0.047	0.625	-1.746	0
atac_L20919	LOW	1.593	0.655	-0.137	-0.852	0
atac_L20949	LOW	0.817	0.554	0.263	-1.486	0
atac_L20970	LOW	1.035	0.171	0.54	-1.861	0.444
atac_L21063	LOW	1.406	0.904	0.637	-1.336	0
atac_L21113	LOW	2.933	-0.026	-0.391	-0.159	0
atac_L21120	LOW	1.008	-0.768	-0.168	-1.527	0
atac_L21143	LOW	0.799	0.088	0.462	-2.149	0
atac_L21155	LOW	2.38	0.35	0.599	-1.404	0.333
atac_L21275	LOW	2.956	-0.075	0.024	0.035	0
atac_L21322	LOW	2.376	0.268	0.759	-1.415	0
atac_L21345	LOW	0.968	-4.484	-1.126	-1.186	7.5
atac_L21411	LOW	1.499	0.599	-0.061	-1.618	0
atac_L21523	LOW	3.086	-0.095	0.043	-1.988	0
atac_L21628	LOW	3.115	0.033	0.594	-1.604	0.188
atac_L21740	LOW	2.891	0.702	0.156	-1.271	0
atac_L21760	LOW	0.708	-0.774	0.391	-1.711	0
atac_L21801	LOW	-0.096	-1.678	-1.425	-1.389	0
atac_L21965	LOW	1.474	-1.836	0.387	-1.981	0.5
atac_L22006	LOW	3.501	0.482	-0.048	-0.627	10.5
atac_L22342	LOW	0.649	0.262	0.024	-1.553	0
atac_L22435	LOW	0.88	0.423	0.801	-1.272	0
atac_L22550	LOW	3.419	0.538	-0.57	-1.035	0
atac_L22591	LOW	1.744	0.388	0.917	-1.371	0
atac_L22751	LOW	0.289	-0.207	0.151	-1.559	0
atac_L22761	LOW	2.584	0.457	0.545	-0.71	0.646
atac_L22854	LOW	1.583	0.734	-0.055	-0.679	0
atac_L22883	LOW	3.723	0.955	0.239	-0.903	0
atac_L22975	LOW	3.181	0.47	-0.067	-1.305	0
atac_L22979	LOW	1.597	-2.149	-1.066	-1.567	0
atac_L23022	LOW	2.283	-2.743	-0.096	-1.986	0
atac_L23168	LOW	2.036	-0.036	1.634	-1.303	0.087
atac_L23220	LOW	1.046	0.187	2.156	-1.943	0
atac_L23247	LOW	2.363	0.9	1.417	-0.117	0
atac_L23251	LOW	1.233	-0.554	0.688	-0.698	4.208
atac_L23537	LOW	3.018	0.891	0.714	-1.578	0.067
atac_L23712	LOW	1.94	-1.565	-3.391	-2.437	0.071
atac_L23820	LOW	0.083	0.147	0.52	-1.566	0.2
atac_L23856	LOW	1.547	0.164	-0.391	-1.704	1.667
atac_L23862	LOW	1.51	0.733	-0.876	-1.073	0.458
atac_L23938	LOW	2.564	-0.385	-0.416	-1.506	0
atac_L24054	LOW	0.887	-3.453	-3.441	-1.908	0
atac_L24076	LOW	2.63	0.125	-0.499	-1.54	0
atac_L24174	LOW	1.374	0.184	-0.708	-1.775	0
atac_L24335	LOW	2.673	0.199	0.601	-2.157	0
atac_L24378	LOW	2.11	0.829	1.431	-1.215	1.167
atac_L24409	LOW	-0.861	-0.626	-0.449	-2.148	0
atac_L24534	LOW	1.269	0.613	0.522	-1.51	0
atac_L24768	LOW	1.459	0.23	0.728	-1.183	8.786
atac_L24956	LOW	2.369	-0.355	0.058	-1.834	0
atac_L24958	LOW	2.686	0.389	0.713	-1.691	0
atac_L24967	LOW	1.804	0.085	1.439	-1.88	15
atac_L25044	LOW	1.546	0.108	1.887	-0.126	0
atac_L25288	LOW	-0.501	0.565	0.541	-1.828	0
atac_L25311	LOW	1.461	-0.586	0.063	-1.642	0.833
atac_L25422	LOW	2.853	-0.233	0.218	-0.743	0.091
atac_L25439	LOW	0.947	-1.679	-3.257	-2.454	0.5
atac_L25446	LOW	2.831	1.857	1.043	-2.952	16.337
atac_L25471	LOW	0.449	-0.517	-0.327	-1.487	0.154
atac_L25558	LOW	2.599	-1.462	-0.24	-1.332	0
atac_L25569	LOW	1.912	-0.512	-0.444	-1.014	0
atac_L25642	LOW	1.322	0.162	0.945	-2.01	0
atac_L25788	LOW	2.912	0.494	0.497	-2.039	5.083
atac_L25813	LOW	1.403	0.281	1.027	-1.62	0.611
atac_L25842	LOW	2.423	0.392	0.144	-2.238	0
atac_L25900	LOW	0.894	0.188	-0.243	-2.671	0
atac_L25907	LOW	1.937	0.488	-0.383	-1.809	0
atac_L25908	LOW	0.244	0.537	-0.207	-2.393	0
atac_L25914	LOW	1.004	0.391	-0.351	-2.685	0
atac_L25937	LOW	1.377	0.535	0.189	-2.329	0
atac_L25983	LOW	1.036	0.625	0.741	-1.431	0
atac_L26006	LOW	1.551	0.655	0.066	-2.243	2.5
atac_L26007	LOW	1.023	0.48	0.294	-2.288	0.8
atac_L26011	LOW	0.396	0.703	-0.042	-2.725	0
atac_L26014	LOW	1.804	0.521	0.152	-2.461	0
atac_L26047	LOW	0	-0.064	0.071	-2.296	0
atac_L26143	LOW	2.323	-0.367	-0.06	-1.65	0
atac_L26146	LOW	0.275	0.109	0.7	-1.523	0
atac_L26232	LOW	0.079	0.25	0.841	-2.026	10
atac_L26272	LOW	2.208	-0.134	0.408	-1.624	0.056
atac_L26318	LOW	0.434	-0.845	-1.262	-1.264	0.267
atac_L26319	LOW	0.846	-2.666	-0.756	-1.486	0
atac_L26547	LOW	1.597	0.41	1.002	-1.583	0
atac_L26577	LOW	1.884	0.235	0.258	-1.602	0
atac_L26693	LOW	2.085	-0.409	-0.215	-1.456	0
atac_L26721	LOW	1.671	-0.341	-0.349	-1.791	0
atac_L26768	LOW	3.271	-0.175	0.641	-1.267	0
atac_L26783	LOW	1.611	-0.904	-0.252	-1.714	0
atac_L26858	LOW	1.071	0.03	0.248	-1.493	0.062
atac_L26863	LOW	2.433	-0.258	0.316	-1.202	0
atac_L26900	LOW	1.985	-0.075	1.252	-1.983	0
atac_L26901	LOW	4.281	-0.827	-0.299	0.366	0
atac_L26902	LOW	3.967	0.143	-0.019	-0.896	0.167
atac_L26928	LOW	1.749	-0.926	0.057	-1.979	0
atac_L27055	LOW	1.579	0.298	0.438	-0.538	1
atac_L27058	LOW	1.422	-0.495	0.764	-1.367	0
atac_L27086	LOW	3.632	-0.008	0.056	-1.087	0
atac_L27101	LOW	2.016	0.133	0.214	-1.065	0
atac_L27146	LOW	3.788	-0.063	-0.165	-1.603	0
atac_L27155	LOW	2.99	0.176	0.234	-2.51	0
atac_L27170	LOW	4.084	0.387	1.511	-1.134	0
atac_L27277	LOW	1.925	0.568	0.957	-1.174	0
atac_L27278	LOW	2.905	0.104	1.054	-1.701	0
atac_L27450	LOW	2.036	0.723	0.059	-1.892	0
atac_L27464	LOW	1.176	0.836	1.568	-2.082	0
atac_L27556	LOW	2.062	-3.84	-4.093	-2.203	0
atac_L27795	LOW	1.457	0.341	0.609	-1.801	0
atac_L27939	LOW	3.567	-0.517	0.991	-1.709	0.119
atac_L28099	LOW	2.575	-3.141	0.303	-1.794	2
atac_L28324	LOW	-0.899	-1.12	0.034	-1.644	0
atac_L28581	LOW	2.208	0.04	-0.039	-1.624	0
atac_L28611	LOW	2.935	-0.486	0.315	-1.82	0
atac_L28632	LOW	1.222	0.181	0.095	-2.282	0
atac_L28633	LOW	1.709	-0.649	0.154	-2.099	2.417
atac_L28688	LOW	2.796	0.645	0.676	-2.209	0.667
atac_L28726	LOW	2.481	0.923	0.847	-0.783	0
atac_L28831	LOW	2.574	0.265	0.668	-1.646	0
atac_L28920	LOW	2.451	0.851	0.2	-1.324	0.038
atac_L29025	LOW	3.064	-0.058	0.825	-0.616	0
atac_L29034	LOW	1.903	0.468	-0.094	-1.481	0
atac_L29121	LOW	2.293	0.472	0.419	-1.7	0
atac_L29146	LOW	3.766	0.183	0.614	-0.707	0
atac_L29168	LOW	1.341	0.666	-0.517	-1.727	0.364
atac_L29459	LOW	1.462	0.589	0.85	-1.57	0
atac_L30345	LOW	2.196	0.174	0.711	-1.362	0
atac_L30461	LOW	1.047	0.9	1.391	-2.331	0
atac_L30462	LOW	2.225	-5.038	1.581	-2.665	4.667
atac_L30482	LOW	2.62	-0.255	0.275	-0.614	1.5
atac_L30615	LOW	0.936	0.133	0.249	-1.765	0
atac_L30721	LOW	2.466	0.046	0.118	-2.214	0
atac_L30842	LOW	0.29	0.133	0.367	-1.829	0
atac_L30910	LOW	2.349	0.265	0.255	-1.828	0
atac_L30952	LOW	1.978	0.252	-0.166	-1.494	0
atac_L30953	LOW	2.03	-0.686	-0.204	-1.564	0
atac_L31041	LOW	1.868	0.354	0.647	-1.941	0.556
atac_L31143	LOW	4.037	0.431	0.387	-1.393	0
atac_L31172	LOW	1.014	-1.331	-1.664	-2.057	0
atac_L31215	LOW	1.425	-0.911	0.952	-1.757	0.5
atac_L31240	LOW	2.882	0.765	-0.003	-2.093	0
atac_L31241	LOW	2.831	0.299	0.071	-1.166	0
atac_L31353	LOW	0.854	0.253	0.972	-0.652	0
atac_L31643	LOW	2.665	0.585	0.876	-1.547	3
atac_L31647	LOW	3.003	-0.259	-0.704	-1.845	0
atac_L31711	LOW	1.046	0.377	-0.854	-1.242	0.5
atac_L31807	LOW	0.226	-1.378	0.786	-1.685	0
atac_L31840	LOW	1.048	0.689	0.461	-1.712	0
atac_L32237	LOW	1.882	0.36	0.285	-2.1	0
atac_L32239	LOW	1.405	-0.646	0.246	-1.837	0
atac_L32274	LOW	0.52	0.227	0.799	-1.788	0
atac_L32327	LOW	2.007	0.389	-0.041	-1.196	0.718
atac_L32473	LOW	3.292	-0.029	-0.524	-1.23	0
atac_L32520	LOW	1.363	-0.686	-3.132	-1.678	0
atac_L32591	LOW	3.83	0.159	0.916	-1.306	0
atac_L32642	LOW	0.826	0.632	1.217	-1.68	0
atac_L32787	LOW	3.113	0.599	0.937	-1.245	2.5
atac_L32815	LOW	1.371	0.135	0.553	-2.52	0
atac_L32840	LOW	-0.517	0.646	0.98	-2.026	0
atac_L32867	LOW	-0.49	-1.252	-0.514	-2.192	0
atac_L32979	LOW	1.295	-0.071	-0.774	-1.891	0
atac_L33111	LOW	2.33	0.294	0.964	-1.817	1.07
atac_L33140	LOW	3.832	-0.107	1.322	-0.238	0
atac_L33355	LOW	1.051	0.498	1.62	-1.245	0
atac_L33366	LOW	3.242	0.031	0.477	-1.346	0
atac_L33462	LOW	1.034	-1.419	-0.198	-1.344	1.667
atac_L33491	LOW	2.866	-0.32	0.434	-1.716	0
atac_L33523	LOW	3.284	-0.129	0.271	0.778	0.1
atac_L33586	LOW	0.941	0.445	0.863	-1.582	0
atac_L33599	LOW	1.867	0.767	0.748	-1.408	0
atac_L33646	LOW	2.307	0.707	-0.206	-1.689	0
atac_L33655	LOW	2.556	0.275	0.276	-1.555	0
atac_L33670	LOW	2.782	0.218	0.143	-1.773	0
atac_L33802	LOW	3.459	0.32	0.806	-1.323	0.111
atac_L33812	LOW	3.242	0.232	0.228	-1.714	0
atac_L33885	LOW	3.869	0.697	-0.446	-0.848	0
atac_L33967	LOW	0.891	0.471	0.364	-1.495	0.607
atac_L33979	LOW	1.431	0.47	0.748	-1.703	0
atac_L34059	LOW	3.134	0.585	0.917	-1.655	0
atac_L34205	LOW	1.375	-0.539	-0.611	-1.423	0
atac_L34442	LOW	1.374	-0.082	1.066	-1.629	0.333
atac_L34445	LOW	1.539	-0.079	0.221	-1.679	0.059
atac_L34492	LOW	-0.176	-1.759	-0.175	-1.58	0
atac_L34532	LOW	1.779	-0.392	0.365	-1.373	0
atac_L34771	LOW	1.283	1.054	-0.245	-2.59	0.875
atac_L34775	LOW	1.99	0.273	-0.269	-2.287	0
atac_L34783	LOW	1.375	0.604	-0.211	-2.745	0
atac_L34790	LOW	1.702	0.403	-0.012	-1.72	0
atac_L34804	LOW	2.323	1.223	0.044	-2.684	1.6
atac_L34823	LOW	1.595	0.283	0.066	-2.303	0
atac_L35000	LOW	2.586	0.307	0.2	-1.312	1.5
atac_L35326	LOW	3.392	-0.232	0.457	-1.682	0
atac_L35350	LOW	1.671	-2.102	0.216	-1.671	0
atac_L35377	LOW	-0.096	-1.426	-2.992	-2.791	18
atac_L35400	LOW	2.074	-0.147	-1.275	-1.248	0
atac_L35444	LOW	0.404	0.656	-0.582	-2.328	0
atac_L35571	LOW	2.357	-0.654	-0.293	-1.544	0.188
atac_L35639	LOW	3.319	-0.37	-0.267	-1.706	0
atac_L35670	LOW	2.44	0.045	-1.129	-1.736	1.143
atac_L35796	LOW	2.998	0.257	0.229	-1.496	0
atac_L35801	LOW	1.704	-0.641	-0.586	-1.707	0
atac_L35880	LOW	2.751	0.394	-0.395	-1.383	0
atac_L36136	LOW	1.817	0.526	0.042	-1.729	0
atac_L36350	LOW	3.409	0.188	0.351	-1.539	0.444
atac_L36382	LOW	1.917	0.031	-0.64	-1.479	0
atac_L36440	LOW	0.643	0.072	-0.723	-1.508	0.5
atac_L36451	LOW	1.532	-3.192	-2.991	-2.101	0
atac_L36493	LOW	3.011	-0.194	-0.301	-1.383	0
atac_L36507	LOW	1.824	0.396	0.982	-1.366	0
atac_L36574	LOW	1.02	0.778	-3.426	-2.318	0
atac_L36585	LOW	1.826	-0.68	-0.847	-2.469	0
atac_L36668	LOW	1.884	-0.44	0.28	-1.598	0
atac_L36812	LOW	1.833	-3.023	-0.651	-0.503	0
atac_L37022	LOW	-0.349	1.43	-0.32	-2.669	0
atac_L37026	LOW	1.897	0.063	-0.734	-2.576	0
atac_L37036	LOW	1.834	1.206	-0.124	-2.518	0
atac_L37122	LOW	1.499	0.304	-1.28	-2.092	0
atac_L37147	LOW	2.278	-0.207	0.847	-0.133	4.8
atac_L37248	LOW	-0.855	0.342	1.163	-1.872	1
atac_L37331	LOW	1.891	0.107	0.109	-2.127	1
atac_L37371	LOW	2.516	0.471	0.326	-1.456	0
atac_L37406	LOW	2.72	0.035	0.397	-0.844	0
atac_L37608	LOW	2.214	0.332	-0.393	-1.808	0.312
atac_L37847	LOW	2.285	0.678	-0.692	-1.853	0
atac_L37853	LOW	1.245	1.113	0.043	-2.29	11.667
atac_L37864	LOW	-0.775	-1.058	-0.513	-1.647	0
atac_L37935	LOW	3.18	0.434	0.818	-2.219	0
atac_L37959	LOW	2.849	2.149	1.195	-2.412	1.2
atac_L38017	LOW	2.755	0.712	0.175	-1.453	0
atac_L38163	LOW	1.625	-0.162	-2.202	-1.877	0
atac_L38367	LOW	-0.175	-1.622	0.851	-2.096	2.875
atac_L38393	LOW	2.986	-0.086	0.988	-1.114	0
atac_L38541	LOW	1.575	-2.24	0.037	-1.347	0
atac_L38647	LOW	1.411	-0.62	0.166	-1.653	0.25
atac_L38823	LOW	2.094	-0.149	0.458	-1.805	0
atac_L39158	LOW	3.092	0.439	0.273	-1.263	0
atac_L39250	LOW	3.698	0.244	-0.676	-1.183	1.42
atac_L39289	LOW	1.987	-1.042	-0.937	-2.236	0.125
atac_L39318	LOW	0.536	-0.346	0.276	-1.774	0
atac_L39423	LOW	2.316	0.003	-0.189	-1.801	0
atac_L39511	LOW	3.074	0.336	0.627	-1.785	0
atac_L39577	LOW	3.31	0.172	-0.107	-1.19	0
atac_L39583	LOW	3.446	0.187	0.023	-1.417	0
atac_L39616	LOW	1.554	1.135	0.191	-1.791	0.308
atac_L39655	LOW	2.312	0.211	0.243	-1.454	0
atac_L39770	LOW	1.652	-4.001	-1.105	-2.301	0
atac_L39784	LOW	0.825	-0.243	-1.426	-1.648	0
atac_L39811	LOW	1.544	-0.955	-0.363	-1.692	0
atac_L39926	LOW	0.336	-0.019	-0.261	-2.247	0
atac_L39955	LOW	1.165	0.239	0.898	-1.842	0.25
atac_L39962	LOW	1.713	0.484	0.149	-1.851	0
atac_L40581	LOW	0.511	-0.203	-0.271	-1.672	0
atac_L40823	LOW	1.185	0.312	0.521	-2.193	0
atac_L40886	LOW	0.943	-0.843	-1.642	-1.474	0
atac_L41065	LOW	-0.363	-2.371	-3.858	-2.571	2.562
atac_L41272	LOW	1.794	0.378	0.833	-1.68	0
atac_P00270	LOW	-0.238	1.536	-0.133	-1.625	0
atac_P00294	LOW	3.423	1.014	-0.133	-0.754	2.75
atac_P00388	LOW	1.023	-0.72	0.316	-0.149	0
atac_P00497	LOW	3.616	0.549	-0.283	-0.258	0.212
atac_P00498	LOW	1.746	0.736	0.011	-1.387	0
atac_P00685	LOW	2.17	-1.708	-1.233	-2.191	0
atac_P01039	LOW	0.079	-0.412	-0.002	-1.158	0.214
atac_P01120	LOW	2.149	0.372	0.759	-2.1	0
atac_P01170	LOW	2.547	0.436	0.463	-1.441	0.818
atac_P01243	LOW	2.365	-0.997	0.161	-1.13	0
atac_P01256	LOW	2.9	-0.428	0.404	-1.129	0
atac_P01316	LOW	2.585	0.53	0.755	-2.323	0
atac_P01865	LOW	2.781	0.838	0.137	-1.69	1.339
atac_P01954	LOW	0.364	-0.213	0.186	-1.782	2.25
atac_P02030	LOW	1.3	-2.062	-0.679	-2.041	0
atac_P02764	LOW	2.985	0.094	-0.511	-1.361	0.455
atac_P02922	LOW	2.8	-0.177	0.513	-1.463	0.25
atac_P03399	LOW	0.928	-0.05	0.577	-2.021	3.056
atac_P03479	LOW	2.256	0.035	0.719	-0.196	0
atac_P03533	LOW	3.287	0.669	-0.046	-1.404	0
atac_P03967	LOW	4.126	0.198	0.182	-1.759	2.286
atac_P03995	LOW	0.778	0.42	-0.913	-1.773	0
atac_P04180	LOW	3.072	0.013	-0.238	-1.355	0
atac_P04275	LOW	0.242	0.267	-0.223	-2.044	0
atac_P04773	LOW	2.693	0.965	0.535	-1.735	0.167
atac_P04837	LOW	2.383	-0.089	0.822	-1.67	0
atac_P04896	LOW	2.474	0.485	1.147	-1.737	0
atac_P04990	LOW	2.734	0.037	0.237	-1.139	0
atac_P05204	LOW	2.506	-0.917	-0.476	-1.592	0
atac_P05648	LOW	0.825	-0.047	1.33	-1.585	0
atac_P06113	LOW	2.479	-0.347	0.427	-0.855	0
atac_P06158	LOW	1.774	-1.491	-1.709	-2.407	0
atac_P06521	LOW	2.889	0.418	0.96	-0.163	0
atac_P06575	LOW	2.526	0.855	0.193	-2.367	0.125
atac_P06858	LOW	0.809	0.586	1.828	-1.675	2.25
atac_P06877	LOW	3.279	-0.734	0.652	-0.753	1.5
atac_P06896	LOW	1.938	-0.952	0.102	-1.057	0
atac_L00262	MID	1.146	0.155	0.77	-2.262	49.5
atac_L01071	MID	0.404	0.965	0.678	-1.525	75.971
atac_L01488	MID	-0.643	-3.13	-2.24	-1.997	40.5
atac_L01773	MID	2.455	-0.839	0.745	-1.206	31.5
atac_L02089	MID	-0.899	1.194	0.875	-2.361	78
atac_L03226	MID	2.486	-0.088	0.327	-2.018	43.375
atac_L03460	MID	1.278	-3.315	-2.487	-2.087	63
atac_L07355	MID	2.31	-0.131	-0.385	-2.354	36
atac_L07818	MID	-0.624	0.801	2.234	-2.541	69
atac_L09994	MID	1.386	-0.43	-0.136	-1.614	43
atac_L10777	MID	0.889	1.19	0.28	-1.981	66
atac_L10992	MID	-1.078	-2.46	-1.142	-2.735	76
atac_L12363	MID	4.059	1.199	0.53	-1.573	27.746
atac_L12598	MID	-0.096	-3.337	-2.163	-2.211	79.944
atac_L13701	MID	1.462	-3.739	-1.347	-2.57	79
atac_L14173	MID	1.158	0.252	-0.458	-2.529	78
atac_L15449	MID	2.092	-5.59	-2.308	-2.398	75
atac_L16074	MID	3.234	1.312	0.262	-2.154	71.5
atac_L16425	MID	0.415	-4.963	-2.371	-2.485	70
atac_L16450	MID	1.294	0.467	-0.002	-2.944	78.083
atac_L16464	MID	1.631	-0.6	-0.637	-2.539	44.509
atac_L16471	MID	0.403	1.864	-0.909	-1.818	69.729
atac_L18084	MID	1.544	-1.869	-0.17	-2.33	71.643
atac_L19908	MID	2.076	-5.676	-1.019	-2.401	60
atac_L21198	MID	2.899	0.473	0.9	-1.458	63
atac_L21420	MID	0.488	-0.479	-1.35	-2.267	78.25
atac_L22116	MID	2.175	-4.909	0.349	-2.044	79.371
atac_L23348	MID	1.144	0.057	0.749	-2.12	77.267
atac_L23673	MID	2.807	0.908	1.035	-1.537	50
atac_L25516	MID	-1.097	-1.072	-0.128	-2.882	75
atac_L26002	MID	-0.192	0.973	-1.095	-2.887	50.125
atac_L26150	MID	-0.345	-0.785	0.973	-2.085	67.5
atac_L27011	MID	2.207	0.341	-0.309	-1.348	35.667
atac_L27116	MID	1.51	-3.533	-3.584	-2.322	79.75
atac_L27167	MID	2.88	-0.973	-1.455	-1.898	25
atac_L27418	MID	-1.105	1.198	0.243	-2.175	60.125
atac_L27555	MID	2.478	-2.807	-5.057	-2.133	27.167
atac_L27570	MID	-0.684	-2.889	-1.386	-2.796	73
atac_L28073	MID	-0.845	-3.28	0.023	-2.555	74
atac_L28553	MID	0.668	0.786	1.679	-2.752	75.75
atac_L28862	MID	-0.984	0.885	0.274	-2.157	78.542
atac_L28898	MID	1.011	0.894	0.379	-2.751	63
atac_L28938	MID	-0.166	-5.287	-2.296	-2.706	78
atac_L31655	MID	0.255	-3.363	-1.356	-2.671	20
atac_L32000	MID	0.757	-2.805	-2.698	-1.226	76.3
atac_L32443	MID	2.253	-4.252	-2.004	-2.631	77.5
atac_L32492	MID	-1.315	-1.67	-0.156	-0.57	34.917
atac_L32901	MID	0.863	-2.752	-0.163	-2.652	77.25
atac_L33320	MID	-0.173	-3.359	-0.986	-2.572	66
atac_L34131	MID	0.97	-0.093	-0.089	-2.147	25
atac_L35203	MID	1.607	0.446	-1.426	-2.374	70.5
atac_L35549	MID	-0.179	0.834	-0.632	-2.902	53.75
atac_L39284	MID	0.987	-1.24	-0.695	-1.429	27
atac_L39707	MID	1.612	-0.296	0.796	-2.56	70
atac_L40425	MID	1.164	-2.693	1.5	-1.357	30
atac_P03673	MID	0.631	-2.043	-0.252	-0.942	60
atac_P03929	MID	1.002	4.671	2.159	-2.266	63
atac_L00116	HIGH	1.026	-3.415	-4.404	-2.892	96
atac_L00118	HIGH	-0.009	-6.667	-3.144	-2.801	100
atac_L00441	HIGH	0.983	0.382	0.902	-2.372	95.375
atac_L00648	HIGH	-0.882	-0.938	1.648	-2.759	98.5
atac_L00674	HIGH	-1.018	-3.469	-3.875	-2.796	90.35
atac_L00741	HIGH	-1.253	-0.872	-1.41	-2.705	94.8
atac_L00912	HIGH	1.454	1.907	0.356	-2.353	95
atac_L00916	HIGH	-0.89	1.052	0.381	-2.088	95
atac_L00917	HIGH	-1.278	0.722	0.056	-1.945	87.4
atac_L00918	HIGH	-1.097	0.682	0.041	-2.003	99
atac_L00944	HIGH	2.22	1.236	0.563	-2.708	96.857
atac_L01070	HIGH	-0.896	-0.019	0.933	-1.54	93.596
atac_L01101	HIGH	-0.741	-4.067	-1.981	-2.455	91
atac_L01202	HIGH	0.289	-0.28	-0.479	-2.723	100
atac_L01251	HIGH	0.889	-1.053	-2.312	-2.771	97.1
atac_L01380	HIGH	-0.495	-3.396	-1.075	-2.881	88.75
atac_L01760	HIGH	2.401	-2.007	-1.314	-2.306	93.667
atac_L01761	HIGH	2.195	-2.231	-1.622	-2.663	98.333
atac_L01900	HIGH	-0.647	-5.395	-2.516	-2.79	98.222
atac_L01980	HIGH	0.054	0.485	0.922	-2.304	96.833
atac_L02099	HIGH	0.083	0.139	0.609	-2.389	94.5
atac_L02216	HIGH	0.819	0.333	-3.144	-3.004	84.333
atac_L02801	HIGH	1.048	-2.762	-0.256	-2.604	87.75
atac_L02852	HIGH	0.37	-0.973	-0.046	-1.988	94.5
atac_L02932	HIGH	1.165	-0.246	0.253	-2.429	95
atac_L03074	HIGH	1.757	-0.673	0.195	-2.365	92.729
atac_L03132	HIGH	2.821	1.116	-0.084	-2.37	94
atac_L03529	HIGH	-0.638	-1.357	-1.132	-2.546	98.833
atac_L03759	HIGH	3.026	-2.924	-1.83	-2.528	96
atac_L03986	HIGH	0.503	-3.063	-1.65	-2.992	100
atac_L04011	HIGH	1.443	-4.773	-1.505	-2.648	91
atac_L04393	HIGH	-0.176	-1.299	0.757	-2.771	92.75
atac_L04400	HIGH	1.162	-2.901	-1.364	-2.692	97
atac_L04499	HIGH	2.015	0.668	1.083	-2.729	98.333
atac_L04677	HIGH	-0.869	-5.018	-1.42	-2.919	92.583
atac_L04826	HIGH	-0.986	-2.92	-0.488	-2.357	89
atac_L04871	HIGH	0.279	-0.863	-1.591	-2.757	97.5
atac_L04898	HIGH	0.463	-3.041	-3.12	-2.66	100
atac_L04978	HIGH	0.879	3.225	0.457	-2.729	90.667
atac_L05561	HIGH	-1.099	-1.894	-2.396	-2.824	90
atac_L05615	HIGH	1.315	0.991	1.648	-2.861	81.5
atac_L05623	HIGH	-0.257	0.464	0.653	-1.862	84.5
atac_L05662	HIGH	0.084	-4.217	-3.221	-2.847	92.5
atac_L05665	HIGH	0.478	-3.535	-1.58	-2.366	97
atac_L06200	HIGH	-0.097	-3.951	-3.01	-2.905	97.333
atac_L07183	HIGH	-0.314	-4.297	-1.184	-2.672	96.25
atac_L07184	HIGH	-0.093	-1.463	-0.376	-2.708	87.333
atac_L07342	HIGH	-0.35	-6.598	-2.593	-2.756	96.667
atac_L07348	HIGH	-1.275	-1.319	-1.954	-2.813	97.333
atac_L07401	HIGH	-0.258	-1.763	-2.453	-2.624	94
atac_L07442	HIGH	0.498	-2.141	-1.063	-2.691	96
atac_L07496	HIGH	0.277	-0.497	-0.732	-2.777	97
atac_L07759	HIGH	-1.144	-5.624	-2.415	-2.73	98.5
atac_L07801	HIGH	0.238	-3.004	-2.869	-2.656	81.5
atac_L08009	HIGH	0.083	-2.694	-1.911	-2.555	85
atac_L08235	HIGH	0.079	0.303	0.889	-2.884	96
atac_L08400	HIGH	-1.078	-2.256	0.111	-2.683	98.333
atac_L08411	HIGH	-0.478	-0.628	-0.644	-2.578	100
atac_L08683	HIGH	0.081	-6.732	-3.409	-2.677	94.25
atac_L08753	HIGH	1.232	-1.674	-0.279	-2.485	97.333
atac_L08913	HIGH	-0.179	-0.635	-3.033	-2.741	96.8
atac_L08914	HIGH	-0.275	-3.893	-2.396	-2.457	89.5
atac_L08916	HIGH	0.237	-4.426	-1.997	-2.771	91.5
atac_L08986	HIGH	0.256	-2.942	-1.742	-2.679	91.5
atac_L09053	HIGH	1.159	0.955	1.31	-2.789	87.5
atac_L09188	HIGH	-0.971	-4.748	-2.62	-2.578	90
atac_L09380	HIGH	0.231	-4.836	-2.833	-2.529	87.5
atac_L09575	HIGH	1.374	-2.848	-1.672	-2.832	95
atac_L09940	HIGH	1.252	-0.64	-1.612	-2.162	90.5
atac_L09999	HIGH	1.135	-4.266	-1.755	-2.726	96
atac_L10046	HIGH	1.018	-4.022	-1.897	-2.581	84.5
atac_L10169	HIGH	-0.959	-3.668	-1.71	-2.933	100
atac_L10247	HIGH	0.53	1.427	1.249	-2.226	94.75
atac_L10288	HIGH	0.986	-6.654	-1.429	-2.568	91.25
atac_L10488	HIGH	0.522	-1.221	-1.715	-2.501	90.4
atac_L10755	HIGH	1.692	-5.572	-1.276	-2.848	81
atac_L10826	HIGH	-1.582	-0.367	-1.848	-2.403	92
atac_L10846	HIGH	0.091	-4.604	-1.753	-2.36	95
atac_L10877	HIGH	1.335	-1.54	-3.601	-2.694	88.667
atac_L10889	HIGH	0.724	-1.295	-5.005	-1.794	95.25
atac_L10937	HIGH	-0.01	-0.953	-7.31	-1.28	93.75
atac_L10951	HIGH	1.479	-2.127	-4.087	-2.711	97.425
atac_L11393	HIGH	-0.182	0.173	-0.794	-2.896	93.5
atac_L11555	HIGH	1.455	0.063	1.297	-2.758	96.833
atac_L12645	HIGH	0.852	-0.209	0.072	-2.513	100
atac_L12718	HIGH	0.619	0.278	-0.077	-2.548	93.5
atac_L13004	HIGH	2.29	-6.002	-2.034	-2.663	89
atac_L13011	HIGH	1.154	-3.044	-1.395	-2.699	98.75
atac_L13231	HIGH	2.216	-1.388	-0.401	-1.74	100
atac_L13377	HIGH	-1.212	-3.174	-1.119	-2.731	89
atac_L13446	HIGH	0.628	-3.382	-2.21	-2.712	85
atac_L13572	HIGH	1.175	-3.028	1.249	-2.903	92.333
atac_L13682	HIGH	0.287	0.126	0.489	-2.478	90
atac_L13804	HIGH	1.424	-1.763	-1.583	-2.668	88
atac_L13846	HIGH	0.834	-2.534	-0.582	-2.248	90
atac_L13868	HIGH	-0.725	-1.594	0.633	-2.635	90.833
atac_L13869	HIGH	2.219	0.498	1.019	-2.665	88.5
atac_L14012	HIGH	-1.243	-5.255	-1.53	-2.415	100
atac_L14014	HIGH	-0.624	-4.982	-1.536	-2.648	97
atac_L14024	HIGH	-0.565	-4.783	-1.33	-2.667	100
atac_L14049	HIGH	0.078	-3.045	-0.089	-2.544	91.5
atac_L14059	HIGH	1.201	-5.335	-1.486	-2.577	80
atac_L14099	HIGH	-1.363	-4.161	-1.408	-2.357	100
atac_L14193	HIGH	2.012	-1.239	0.651	-2.451	99.5
atac_L14263	HIGH	-1.411	-2.878	-2.328	-2.658	95
atac_L14268	HIGH	0.238	-4.696	-2.261	-2.131	92
atac_L14636	HIGH	-1.498	-3.866	-2.813	-2.789	89.25
atac_L14808	HIGH	-0.512	-0.667	-0.16	-2.747	92.667
atac_L14838	HIGH	0.827	-4.564	0.125	-2.585	100
atac_L15148	HIGH	0.753	0.664	-0.428	-2.752	91.75
atac_L15240	HIGH	-1.297	0.726	0.676	-2.859	97.5
atac_L15414	HIGH	-0.589	-3.578	0.527	-2.502	98.5
atac_L15452	HIGH	0.628	-1.229	-0.874	-2.12	94
atac_L15529	HIGH	0.65	-5.147	-2.237	-2.691	100
atac_L15640	HIGH	0.708	-1.801	-2.712	-2.656	97.75
atac_L15689	HIGH	-1.283	-4.773	-2.559	-2.87	90
atac_L15930	HIGH	-1.028	-3.854	-0.088	-2.583	96
atac_L15948	HIGH	-0.852	-2.485	-1.753	-2.583	98
atac_L16355	HIGH	-1.08	-5.163	-0.377	-2.496	86
atac_L16463	HIGH	2.474	0.385	-0.8	-2.067	94.5
atac_L16468	HIGH	1.008	-0.329	0.689	-2.945	95.571
atac_L16597	HIGH	-0.172	-6.141	-2.707	-2.526	94.857
atac_L16734	HIGH	-1.005	-2.114	-0.747	-2.668	100
atac_L16770	HIGH	0.934	-1.529	0.505	-2.536	100
atac_L16819	HIGH	0.714	-5.649	-1.59	-2.941	98
atac_L17103	HIGH	2.847	-2.162	-0.66	-2.37	93.25
atac_L17305	HIGH	-0.484	0.645	0.111	-2.864	97.333
atac_L17537	HIGH	1.843	0.397	0.951	-2.395	96.4
atac_L17956	HIGH	1.698	-3.311	-2.138	-2.487	81.75
atac_L18198	HIGH	0.811	-2.789	-2.174	-2.713	96.5
atac_L18345	HIGH	0.701	-4.996	-2.337	-2.687	81
atac_L18434	HIGH	1.41	0.718	0.737	-2.745	95
atac_L18556	HIGH	2.455	0.238	0.013	-2.319	94
atac_L18605	HIGH	0.901	-2.591	-0.245	-2.4	88.667
atac_L18657	HIGH	1.306	1.061	0.622	-2.89	85.125
atac_L18664	HIGH	0.893	-2.968	-2.648	-2.521	100
atac_L18666	HIGH	-0.045	-5.774	-2.53	-2.727	100
atac_L18690	HIGH	2.089	-2.113	-3.609	-2.768	98
atac_L18749	HIGH	0.468	-0.543	-0.42	-2.587	90
atac_L19359	HIGH	-0.06	-6.156	-3.237	-2.368	92.929
atac_L19663	HIGH	0.299	-4.892	-2.539	-2.885	93
atac_L19768	HIGH	2.189	0.059	1.464	-2.387	98.119
atac_L19913	HIGH	-0.891	-3.313	-3.235	-2.958	94.5
atac_L19923	HIGH	-0.738	-5.164	-1.91	-3.077	96
atac_L20097	HIGH	0.278	0.154	-1.427	-2.721	94
atac_L20256	HIGH	-0.773	0.576	0.911	-2.395	98.833
atac_L20328	HIGH	0.523	-5.064	-2.763	-2.655	95.048
atac_L20483	HIGH	1.314	2.113	0.99	-1.867	94
atac_L20891	HIGH	-0.806	-2.987	0.045	-3.088	100
atac_L20961	HIGH	-0.46	-4.129	-1.941	-2.166	91
atac_L21029	HIGH	0.883	0.101	0.227	-2.3	94.75
atac_L21230	HIGH	2.231	-1.065	-0.101	-1.786	100
atac_L21452	HIGH	1.334	3.365	-1.467	-2.848	95.667
atac_L21662	HIGH	1.043	-5.92	-3.051	-2.854	98
atac_L21737	HIGH	2.064	-0.702	-1.136	-2.386	100
atac_L21834	HIGH	1.319	-5.615	-1.441	-2.441	95
atac_L21873	HIGH	0.169	-2.059	-0.673	-1.726	93
atac_L21877	HIGH	0.619	-1.147	0.018	-2.336	87
atac_L21878	HIGH	0.942	0.76	0.965	-2.668	88
atac_L22030	HIGH	-0.953	-6.306	-3.431	-2.489	95.5
atac_L22035	HIGH	-0.355	0.474	-1.572	-3.1	88.585
atac_L22063	HIGH	0.817	-0.567	0.266	-2.279	100
atac_L22218	HIGH	-1.073	-3.968	-3.203	-2.581	100
atac_L22475	HIGH	0.783	-6.57	-1.995	-2.611	100
atac_L22628	HIGH	-0.095	1.008	0.248	-1.749	83.333
atac_L22833	HIGH	0.332	-7.645	-3.717	-2.018	85.333
atac_L22985	HIGH	0.724	-3.163	-1.533	-2.735	95.8
atac_L23079	HIGH	0.621	-4.21	-2.272	-2.758	100
atac_L23105	HIGH	2.281	-2.548	-0.452	-2.717	100
atac_L23356	HIGH	0.54	-4.439	-2.827	-2.663	99
atac_L23361	HIGH	1.128	0.187	0.423	-2.388	95.625
atac_L23453	HIGH	0.695	-5.727	-4.195	-2.662	96.5
atac_L23557	HIGH	0.078	-2.395	-0.825	-2.419	82.5
atac_L23572	HIGH	1.311	1.176	0.61	-3.137	92.125
atac_L23808	HIGH	0.93	1.002	0.81	-2.918	81.5
atac_L23883	HIGH	-1.225	-2.55	-1.956	-2.745	97
atac_L23894	HIGH	0.848	-5.169	-2.104	-2.77	100
atac_L24068	HIGH	-0.641	-3.065	-3.606	-2.787	98.778
atac_L24070	HIGH	0.785	-5.047	-1.243	-2.284	85
atac_L24263	HIGH	0.665	-2.937	-1.044	-2.704	100
atac_L24311	HIGH	1.478	-6.416	-1.595	-2.574	100
atac_L24493	HIGH	-0.958	0.487	0.472	-2.839	88
atac_L24642	HIGH	0.999	0.561	-0.272	-3.067	95.5
atac_L24643	HIGH	-0.009	-3.038	-1.274	-2.977	97.5
atac_L24765	HIGH	-0.686	0.356	-0.097	-2.218	95.571
atac_L24804	HIGH	0.39	-2.099	-0.552	-2.757	92.5
atac_L25443	HIGH	2.723	-6.487	-1.349	-2.656	94
atac_L25474	HIGH	-0.318	-3.351	-0.864	-2.757	100
atac_L26394	HIGH	0.619	-3.199	-2.545	-2.796	100
atac_L26404	HIGH	1.048	-2.27	-2.841	-2.807	97.333
atac_L26574	HIGH	1.042	0.061	-0.721	-2.746	91.5
atac_L26720	HIGH	0.401	1.164	0.658	-2.185	95
atac_L26897	HIGH	-1.044	-2.762	-0.888	-2.43	96.417
atac_L27076	HIGH	-0.331	-0.31	-2.739	-2.442	85.5
atac_L27118	HIGH	0.717	-0.769	-3.417	-2.801	97.446
atac_L27387	HIGH	0.367	-4.268	-2.489	-1.803	95
atac_L27453	HIGH	0.28	-2.298	-0.266	-2.633	89.5
atac_L27503	HIGH	1.953	0.784	0.317	-2.225	98.667
atac_L27669	HIGH	1.306	0.601	-0.555	-2.788	89
atac_L27674	HIGH	0.181	1.735	0.825	-2.269	100
atac_L27880	HIGH	0.11	-4.652	-6.82	-2.749	96.429
atac_L27899	HIGH	-0.895	-1.458	1.448	-2.709	98
atac_L28489	HIGH	3.589	-2.308	-3.756	-2.634	100
atac_L28674	HIGH	1.75	-1.581	-5.173	-2.729	100
atac_L28676	HIGH	-1.221	-3.456	-3.574	-2.702	91.806
atac_L28824	HIGH	0.532	-0.481	1.503	-2.507	81.25
atac_L28863	HIGH	-0.831	1.045	0.648	-1.99	84.583
atac_L28868	HIGH	-0.762	0.305	1.613	-2.193	94
atac_L28886	HIGH	-1.364	-4.033	-1.88	-2.924	96
atac_L28994	HIGH	0.606	0.511	0.843	-2.661	94.733
atac_L29101	HIGH	0.543	-5.705	-4.045	-2.696	100
atac_L29171	HIGH	0.083	-1.796	-0.832	-2.788	100
atac_L29541	HIGH	-0.36	-1.751	-0.08	-2.906	86
atac_L29619	HIGH	0.346	0.48	1.254	-3.025	86
atac_L29641	HIGH	-0.763	-5.069	0.664	-3.132	97.5
atac_L29783	HIGH	-0.899	-2.668	-0.975	-2.468	94
atac_L29852	HIGH	-1.634	-5.739	-2.433	-2.662	96.5
atac_L29936	HIGH	1.169	0.905	1.435	-2.935	96.667
atac_L29945	HIGH	-1.19	-1.198	1.201	-2.715	85
atac_L29946	HIGH	-0.87	-2.676	1.721	-2.461	100
atac_L30120	HIGH	0	-0.283	1.924	-3.02	100
atac_L30369	HIGH	2.447	0.046	0.575	-1.87	80.833
atac_L30445	HIGH	-0.489	0.3	2.331	-1.572	97.5
atac_L30558	HIGH	-0.188	-2.164	0.146	-3.11	100
atac_L31359	HIGH	-0.891	-0.175	-0.009	-2.569	99.286
atac_L31367	HIGH	-0.45	-4.723	-2.427	-2.332	86.75
atac_L31555	HIGH	1.253	-4.262	-2.256	-2.597	97.333
atac_L31698	HIGH	1.947	-1.234	0.207	-2.186	81.6
atac_L31820	HIGH	0.181	-6.7	-2.411	-2.291	96.5
atac_L31821	HIGH	-0.47	-4.072	-2.806	-2.309	98.25
atac_L31901	HIGH	-0.093	-3.701	-1.96	-2.951	98.4
atac_L32072	HIGH	0.343	-5.99	-2.735	-2.757	86.875
atac_L32141	HIGH	0.791	-0.174	-0.177	-2.553	88
atac_L32158	HIGH	0.18	-5.88	-4.784	-2.816	91.8
atac_L32370	HIGH	-0.513	-4.856	-2.82	-2.688	88.333
atac_L32498	HIGH	0.611	-0.473	0.358	-2.311	98.5
atac_L32502	HIGH	1.459	0.08	0.173	-2.715	97.75
atac_L32880	HIGH	1.878	-7.118	-1.939	-2.484	100
atac_L32900	HIGH	0.907	-2.245	-0.52	-2.776	94
atac_L33214	HIGH	-0.258	-3.197	-3.18	-2.844	96
atac_L33340	HIGH	0.51	-2.203	-4.459	-2.61	99.6
atac_L33341	HIGH	-0.178	-4.598	-4.396	-2.617	87.667
atac_L33342	HIGH	1.472	-5.203	-2.796	-2.365	100
atac_L33589	HIGH	-1.106	-4.35	-2.665	-2.642	96.667
atac_L33948	HIGH	1.037	1.167	-1.74	-2.735	97.375
atac_L33963	HIGH	0.931	-0.156	0.468	-2.604	100
atac_L34086	HIGH	-0.773	-0.602	0.022	-2.562	100
atac_L34630	HIGH	1.687	-2.064	-0.509	-1.576	97.233
atac_L34739	HIGH	0.53	0.626	0.129	-2.682	95.792
atac_L35050	HIGH	-0.654	-0.983	0.612	-2.839	99.231
atac_L35099	HIGH	-0.988	-4.944	-1.882	-2.969	88.5
atac_L35113	HIGH	1.844	0.039	-1.32	-2.968	95.208
atac_L35293	HIGH	1.066	0.363	0.277	-2.47	88.5
atac_L35299	HIGH	-1.187	-3.627	-0.449	-2.741	90
atac_L35307	HIGH	0.097	-4.26	-2.301	-2.687	97.75
atac_L35337	HIGH	1.298	-2.211	-0.069	-2.528	94.25
atac_L35509	HIGH	1.582	-5.059	-2.251	-2.651	100
atac_L35544	HIGH	0.863	-0.801	-3.251	-2.688	93.75
atac_L35604	HIGH	-0.178	0.678	1.245	-0.584	93
atac_L35608	HIGH	1.568	0.69	0.36	-2.211	95.5
atac_L35777	HIGH	0.815	0.17	1.653	-1.716	90
atac_L35808	HIGH	0.823	-2.027	-0.151	-2.638	97.667
atac_L35884	HIGH	-0.33	-1.757	-2.414	-2.744	98.667
atac_L35929	HIGH	1.165	-0.911	-0.269	-2.141	95.5
atac_L35977	HIGH	-0.876	-3.641	-0.824	-2.935	94.8
atac_L36085	HIGH	-1.077	0.843	0.237	-2.564	88.562
atac_L36268	HIGH	2.098	-0.335	-0.303	-2.548	88
atac_L36383	HIGH	0.303	-3.048	-2.211	-2.604	97.5
atac_L36404	HIGH	0.182	-2.213	-1.234	-2.728	100
atac_L36485	HIGH	-1.287	-4.173	-2.113	-2.571	97.833
atac_L36700	HIGH	-1.094	-1.771	-0.341	-2.475	100
atac_L37394	HIGH	1.79	-1.001	-0.582	-2.438	90
atac_L37396	HIGH	1.173	-5.623	-0.923	-2.872	92.6
atac_L37432	HIGH	1.398	-0.172	1.402	-2.429	86.75
atac_L37724	HIGH	1.138	0.698	-0.024	-2.51	93.75
atac_L37845	HIGH	1.236	-1.413	-2.209	-2.523	100
atac_L38081	HIGH	1.056	-0.556	-1.18	-2.323	98
atac_L38092	HIGH	0.291	-0.763	-0.639	-2.816	100
atac_L38187	HIGH	0.184	-3.378	-2.307	-2.408	95.75
atac_L38202	HIGH	1.337	-4.078	0.132	-2.245	98.833
atac_L38392	HIGH	-0.998	-2.43	-0.33	-2.693	94
atac_L38707	HIGH	1.717	-2.494	-0.897	-2.308	92.841
atac_L38736	HIGH	0	1.907	1.013	-2.015	84.667
atac_L39120	HIGH	0.18	-4	-1.828	-2.797	97.5
atac_L39500	HIGH	0.082	-4.521	-3.228	-2.519	95
atac_L39826	HIGH	-0.093	-3.426	-2.121	-2.952	84.75
atac_L39831	HIGH	1.43	-5.039	-2.816	-2.521	93
atac_L39832	HIGH	1.575	-2.43	-3.305	-2.046	80.5
atac_L39836	HIGH	0.631	-3.4	-4.201	-2.714	90
atac_L39842	HIGH	-0.998	-5.18	-3.969	-2.13	85.5
atac_L39888	HIGH	-1.519	-2.098	-0.099	-2.778	98.25
atac_L40278	HIGH	1.61	0.611	0.548	-2.849	97
atac_L40464	HIGH	1.824	0.445	0.449	-1.915	95.417
atac_L41170	HIGH	0.695	-3.916	-2.084	-2.635	95.25
atac_L41235	HIGH	0.439	0.378	-0.147	-2.639	100
atac_L41236	HIGH	-0.009	0.427	-0.31	-2.555	96.292
atac_P00134	HIGH	0.174	-1.526	-1.171	-2.321	82.25
atac_P00272	HIGH	1.271	0.591	0.395	-2.644	99
atac_P00273	HIGH	-1.236	-0.065	-0.728	-2.506	99
atac_P00494	HIGH	0.075	0.55	-1.141	-2.751	95.75
atac_P00513	HIGH	0.921	-3.939	-3.613	-2.503	94.5
atac_P00528	HIGH	0.459	-0.5	-2.231	-2.621	96.25
atac_P00598	HIGH	1.413	0.377	1.467	-2.845	99
atac_P00814	HIGH	0.828	0.944	-0.293	-2.718	95.208
atac_P01023	HIGH	2.73	0.924	1.143	-2.567	93.2
atac_P01038	HIGH	0.167	-0.246	0.18	-2.725	98.5
atac_P01481	HIGH	0.689	-1.667	-1.922	-2.531	97.167
atac_P01665	HIGH	1.138	-0.319	-0.158	-2.45	95
atac_P01814	HIGH	0.646	-1.697	-0.872	-2.479	91.5
atac_P01910	HIGH	-1.077	1.231	1.28	-2.296	100
atac_P02026	HIGH	0.589	-2.108	-3.109	-2.541	92
atac_P02182	HIGH	0.313	-3.15	-0.863	-2.725	94
atac_P02241	HIGH	-0.33	-1.11	0.353	-2.623	98.5
atac_P02677	HIGH	0.257	1.216	0.548	-2.186	92.75
atac_P02679	HIGH	2.574	1.596	-0.017	-2.36	94.5
atac_P02984	HIGH	1.024	-1.516	-1.86	-2.734	97.5
atac_P03291	HIGH	-0.699	0.467	0.262	-2.692	90.167
atac_P03323	HIGH	1.258	0.005	0.41	-2.642	91.4
atac_P03919	HIGH	1.201	-1.075	0.037	-2.386	94.333
atac_P04002	HIGH	-0.537	-2.922	0.075	-2.343	80.25
atac_P04248	HIGH	-1.02	-0.737	0.869	-2.732	90.375
atac_P04461	HIGH	-0.597	-2.752	-0.493	-2.671	96.75
atac_P04795	HIGH	1.119	0.388	1.199	-2.858	88.333
atac_P04989	HIGH	-0.929	-3.515	-0.845	-2.432	97
atac_P05169	HIGH	-0.329	0.073	-1.285	-2.88	97
atac_P05222	HIGH	1.83	0.284	-3.736	-2.539	85.8
atac_P05223	HIGH	-0.828	-2.528	-4.03	-2.443	86
atac_P05542	HIGH	1.726	-3.349	-2.547	-2.32	99
atac_P05872	HIGH	-0.316	-1.603	-3.482	-2.686	95.75
atac_P06002	HIGH	-0.441	-2.246	-1.961	-2.364	100
atac_P06073	HIGH	1.047	0.15	-1.491	-2.946	83
atac_P06123	HIGH	0.598	1.58	0.897	-2.675	95.767
atac_P06188	HIGH	-0.819	-3.072	-2.927	-2.792	97.083
atac_P06216	HIGH	0.978	-0.825	-1.446	-2.736	98.833
atac_P06291	HIGH	0.848	-4.969	-1.033	-2.241	100
atac_P06311	HIGH	0.745	-1.737	-0.256	-2.829	94.5
atac_P06367	HIGH	-0.009	-0.899	-0.315	-2.409	100
atac_P06373	HIGH	-0.245	-2.598	-2.806	-2.792	98.333
atac_P06750	HIGH	1.024	0.268	0.165	-2.508	95.825
atac_P06794	HIGH	-0.757	0.418	0.366	-2.825	80
atac_P06818	HIGH	1.461	-0.397	0.905	-2.382	83
atac_P07126	HIGH	0.52	-2.197	-2.923	-2.539	95
atac_P07127	HIGH	-0.359	-2.934	-1.242	-2.553	95
