name	motif_id	total_tfbs	K4me1_mean_score	K4me1_bound	K4me2_mean_score	K4me2_bound	K4me1_K4me2_change	K4me1_K4me2_pvalue
TBX3	MA1566.3	654	2.6446	90	0.11699	2	0.53116	6.54201e-118
TBX20	MA0689.1	547	2.46575	70	0.16069	5	0.4573	1.81419e-107
HOXB4	MA1499.2	769	2.19848	66	0.11914	2	0.41611	5.55907e-106
Pou5f1::Sox2	MA0142.1	878	2.15366	84	0.12848	2	0.41317	1.31348e-102
MGA::EVX1	MA1960.2	501	2.50629	51	0.1393	3	0.44993	2.23772e-101
SOX10	MA0442.3	993	1.95777	74	0.16064	6	0.35259	1.46052e-100
Sox6	MA0515.1	701	2.16353	72	0.13828	5	0.40713	3.01698e-98
POU6F1	MA1549.2	312	2.4993	29	0.06357	0	0.56406	3.84214e-98
ZNF281	MA1630.3	1038	2.35875	113	0.28262	13	0.28309	5.13199e-98
POU6F2	MA0793.2	336	2.56506	33	0.1049	0	0.49927	3.13292e-95
RREB1	MA0073.2	959	2.05229	88	0.18864	5	0.30091	1.52984e-94
NKX6-3	MA1530.2	377	2.47078	37	0.13355	1	0.44991	1.90493e-94
TCFL5	MA0632.3	107	1.06396	5	1.28306	5	-0.84697	4.44315e-94
Sox3	MA0514.3	512	2.27217	62	0.14387	4	0.43592	9.68267e-94
POU1F1	MA0784.3	623	2.25131	56	0.18019	1	0.32842	4.75691e-92
Isl1	MA1608.2	428	2.3305	43	0.13744	3	0.41246	2.49623e-90
VEZF1	MA1578.2	541	2.11501	49	0.17759	4	0.40545	2.60401e-88
POU5F1B	MA0792.1	809	2.15246	67	0.19592	3	0.28754	6.80385e-87
Sox5	MA0087.3	405	2.22761	43	0.17132	3	0.36022	4.12923e-85
PRDM9	MA1723.2	753	2.02367	68	0.25764	12	0.28678	2.29887e-83
CTCF	MA0139.2	429	1.23395	19	0.66706	10	-0.41768	2.33404e-83
ZNF740	MA0753.3	564	2.27854	60	0.21534	4	0.33589	1.71273e-82
Nrf1	MA0506.3	146	1.13949	7	1.03729	8	-0.61683	2.12839e-80
FOSL2	MA0478.2	224	2.45778	20	0.17163	0	0.40534	4.10837e-77
Atf1	MA0604.1	89	1.08206	5	1.19846	6	-0.68417	9.53967e-77
Sox11	MA0869.3	445	1.89968	37	0.16711	4	0.34499	2.60912e-76
ZNF418	MA1980.1	250	1.91179	20	0.09633	0	0.40051	1.19856e-75
ZNF558	MA2335.1	246	1.90515	21	0.11581	1	0.37914	1.61004e-75
HES1	MA1099.3	62	1.12418	4	1.13444	2	-0.71858	1.29936e-74
FOXH1	MA0479.2	247	1.93966	18	0.10661	1	0.42246	1.94842e-74
NR3C1	MA0113.4	61	2.16216	7	0	0	0.73753	1.97492e-74
HNF4A	MA1494.2	141	1.93021	7	0.07134	0	0.46111	5.75102e-74
ELK3	MA0759.3	46	1.35673	3	1.81782	5	-0.86931	5.72624e-73
ZNF417	MA1727.2	45	0.79339	1	1.31701	4	-1.00915	2.48778e-72
KLF4	MA0039.5	591	2.12914	55	0.25145	5	0.24185	9.64346e-72
MAFF	MA0495.4	254	1.92102	20	0.11708	0	0.37464	1.59548e-71
PLAG1	MA0163.1	344	2.37018	46	0.26422	1	0.28431	3.18007e-71
GLI3	MA1491.3	121	2.3978	14	0.15202	2	0.47519	1.17716e-70
ZNF610	MA1713.2	191	1.60727	19	0.96741	9	-0.38132	3.54068e-70
PPARG	MA0066.2	147	1.98188	9	0.09062	0	0.44701	3.76126e-70
Lhx1	MA1518.3	120	2.38613	13	0.11619	0	0.47193	5.52696e-70
FOS::JUN	MA1126.2	176	1.42238	9	0.85153	4	-0.39512	1.39932e-69
SP5	MA1965.2	860	2.15605	85	0.30423	9	0.2092	3.63286e-69
CREB3L4	MA1474.2	75	1.17875	6	1.0519	3	-0.62472	1.35485e-68
ZSCAN29	MA1602.2	65	1.94827	8	0.04216	0	0.67759	6.43809e-68
Hnf1A	MA1991.2	284	1.78649	21	0.11745	0	0.34099	7.0963e-68
ZNF530	MA1981.2	416	1.87413	31	0.18074	1	0.28279	7.4133e-68
POU5F1	MA1115.2	453	2.0288	36	0.20022	2	0.25988	1.38699e-67
ZBTB11	MA2329.1	151	1.5101	11	0.92513	7	-0.35917	1.92105e-67
ZNF214	MA1975.2	185	2.09994	16	0.16172	3	0.3397	2.13255e-67
E2F4	MA0470.3	58	0.85555	1	1.07152	4	-0.71551	4.78586e-67
ZSCAN4	MA1155.1	681	1.82457	51	0.25612	6	0.18155	1.20758e-66
KLF17	MA1514.2	433	2.14377	47	0.2868	6	0.22648	2.62135e-66
ZNF547	MA2334.1	316	2.06076	29	0.23357	1	0.24646	3.35885e-66
Gli1	MA1990.2	196	2.36393	21	0.17542	1	0.35102	3.72374e-66
FOS	MA1951.2	159	1.40813	9	0.80584	5	-0.38562	4.08969e-66
TFDP1	MA1122.2	94	1.49792	6	1.04212	4	-0.49888	4.53035e-66
XBP1	MA0844.2	107	1.50304	13	1.0671	5	-0.49092	5.47132e-66
ELF2	MA1483.3	89	1.43381	5	1.13736	5	-0.48534	6.77537e-66
Arnt	MA0004.1	78	1.09807	4	0.80291	1	-0.58074	1.36511e-65
YY2	MA0748.3	56	1.25711	3	1.0756	3	-0.61035	1.44071e-65
MEIS1	MA0498.3	2140	1.78469	140	0.28916	17	0.11904	2.23006e-65
HOXA4	MA1496.2	161	2.18631	15	0.16429	0	0.36253	2.60368e-65
Pparg::Rxra	MA0065.3	368	2.13465	43	0.24181	4	0.27612	2.82286e-65
MXI1	MA1108.3	591	1.94947	45	0.26199	8	0.19681	4.24439e-65
NR2F1	MA0017.3	221	2.18545	23	0.26241	4	0.29197	9.47693e-65
NR1D2	MA1532.2	203	2.1932	21	0.20688	0	0.31665	2.4093e-64
SOX21	MA0866.1	195	2.02969	20	0.15944	0	0.33355	3.3415e-64
MLX	MA0663.1	48	0.9793	3	0.94605	1	-0.78889	5.33698e-64
POU4F1	MA0790.2	175	1.9976	14	0.15393	2	0.36795	7.39634e-64
ELF4	MA0641.1	86	1.46667	6	1.19424	4	-0.50661	3.43348e-63
RORB	MA1150.2	152	2.02481	9	0.13509	1	0.36699	6.31226e-63
ELK1::HOXA1	MA1931.1	74	1.30257	2	0.91775	2	-0.49705	2.80305e-62
NR4A2	MA0160.3	191	2.08073	14	0.18588	2	0.31737	3.37803e-62
Nanog	MA2339.1	97	1.84834	5	0.03483	0	0.53102	3.53572e-62
MYC	MA0147.4	59	1.18076	4	0.81925	1	-0.54709	7.33023e-62
VENTX	MA0724.1	174	2.24851	9	0.20593	2	0.31463	7.53373e-62
ZNF460	MA1596.1	281	2.15947	31	0.26147	2	0.25354	1.69782e-61
PPARA::RXRA	MA1148.2	212	2.2736	24	0.251	2	0.30136	4.18658e-61
POU4F2	MA0683.2	206	1.89844	13	0.20698	3	0.2999	4.9713e-61
ZNF76	MA1716.2	179	2.23965	14	0.21794	2	0.35069	8.39763e-61
Ahr::Arnt	MA0006.2	888	1.71004	57	0.5601	15	-0.13896	1.1746e-60
DUX4	MA0468.1	171	1.91608	13	0.18614	2	0.32781	2.54145e-60
LMX1B	MA0703.3	100	1.58696	3	0.07484	0	0.39015	3.62866e-60
NR2C1	MA1535.2	395	2.23056	46	0.32336	7	0.20252	8.97524e-60
Hmx3	MA0898.2	145	2.02147	10	0.15269	1	0.34096	8.24203e-59
CLOCK	MA0819.3	60	1.06221	2	0.78781	1	-0.56387	2.0504e-58
RXRA::VDR	MA0074.1	96	2.49463	11	0.16381	1	0.42682	4.23017e-58
ZNF708	MA1730.2	190	2.00835	13	0.25154	2	0.31075	5.05802e-58
Nr2e1	MA0676.1	164	1.78755	11	0.114	0	0.34688	5.34473e-58
HNF4A	MA0114.5	185	2.06926	18	0.19781	1	0.29281	6.75042e-58
BATF	MA1634.2	136	2.04828	10	0.17244	0	0.29465	8.93967e-58
KLF9	MA1107.3	987	1.92079	74	0.30925	10	0.13175	1.57959e-57
MAZ	MA1522.2	496	2.07875	51	0.33347	9	0.17446	2.54013e-57
Nkx3-2	MA0122.4	133	1.94738	12	0.16984	0	0.30678	2.62576e-57
Arid3a	MA0151.1	485	1.6128	24	0.22775	6	0.16724	3.01044e-57
EWSR1-FLI1	MA0149.1	401	1.67578	30	0.24118	5	0.16864	6.71862e-57
GATA1::TAL1	MA0140.3	179	2.02041	14	0.20642	1	0.30266	3.52137e-56
NKX2-5	MA0063.3	161	1.83601	8	0.16249	1	0.30846	4.94101e-56
NFIA	MA0670.2	284	1.87341	22	0.21192	3	0.27067	7.28457e-56
ZBTB14	MA1650.2	128	1.67299	11	0.99595	9	-0.38045	7.5677e-56
ESR2	MA0258.2	178	2.18455	19	0.25227	3	0.27191	1.43304e-55
ISL2	MA0914.2	329	1.84019	24	0.19991	1	0.23668	1.78064e-55
NR4A2::RXRA	MA1147.2	114	1.96563	7	0.15862	0	0.32853	2.74037e-55
ZBTB26	MA1579.2	197	2.05206	19	0.24162	2	0.23627	2.78176e-55
PROX1	MA0794.1	50	1.30045	2	0.8425	1	-0.46098	2.79429e-55
ZNF667	MA1984.2	206	1.87323	14	0.18149	1	0.2588	3.99564e-55
ZSCAN31	MA1722.2	171	2.23592	20	0.22251	2	0.29402	4.61919e-55
Mafg	MA0659.4	160	2.00658	13	0.17914	1	0.27947	5.77302e-55
ZNF816	MA1719.2	210	2.16967	21	0.26011	2	0.22576	6.91313e-55
ZNF24	MA1124.1	309	1.92556	16	0.23985	2	0.22736	1.29293e-54
ZSCAN16	MA2100.1	242	2.0417	24	0.22733	1	0.25161	1.43932e-54
HNF1A	MA0046.3	119	2.19767	11	0.2087	1	0.34757	1.69985e-54
Plagl1	MA1615.2	162	1.96779	12	0.25909	2	0.27241	1.79774e-54
GATA1	MA0035.5	93	2.50354	13	0.16856	0	0.38947	2.186e-54
FERD3L	MA1485.1	126	1.36975	4	0.6477	2	-0.33272	7.8399e-54
TFAP2A	MA0810.2	151	2.11478	19	0.20917	0	0.29655	7.86306e-54
BHLHE40	MA0464.3	44	1.14368	2	0.83075	1	-0.59587	1.12862e-53
TCF7	MA0769.3	155	2.05381	16	0.18263	0	0.28764	2.59124e-53
ZNF282	MA1154.2	195	2.04942	14	0.2154	2	0.26492	4.68579e-53
LIN54	MA0619.2	201	1.77766	9	0.14081	0	0.28473	7.94744e-53
ZNF354C	MA0130.1	356	1.7864	19	0.22645	2	0.18702	9.16334e-53
GLIS2	MA0736.1	169	2.01547	10	0.20424	0	0.26981	1.21499e-52
CEBPD	MA0836.3	174	2.03736	11	0.20339	3	0.2858	1.91346e-52
CTCF	MA1930.2	328	1.52675	23	0.54677	6	-0.1941	3.13906e-52
FOXE1	MA1487.3	346	1.48322	12	0.16639	2	0.19287	3.38081e-52
KLF16	MA0741.1	691	2.19701	68	0.40233	14	0.13556	5.66843e-52
HIF1A	MA1106.2	129	1.36582	7	0.62514	4	-0.32232	8.8666e-52
CTCF	MA1929.2	309	1.63045	31	0.60256	9	-0.20814	1.48635e-51
ZNF677	MA2101.1	226	1.73121	16	0.20289	1	0.20421	4.30432e-51
Zfp335	MA2002.2	128	2.05074	10	0.19985	2	0.30527	5.47572e-51
BARX2	MA1471.2	113	1.60635	6	0.06912	0	0.33987	7.14578e-51
PAX5	MA0014.4	90	1.55042	2	0.82007	1	-0.3364	7.95803e-51
SOX12	MA1561.2	145	2.01365	15	0.17961	0	0.3025	4.61152e-50
DUXA	MA0884.2	63	1.94879	6	0.17082	1	0.44011	1.36054e-49
Nr1h3::Rxra	MA0494.2	129	1.98168	8	0.16064	0	0.32112	1.71686e-49
Lhx3	MA0135.2	99	1.57046	4	0.1317	1	0.29427	2.77061e-49
NFYA	MA0060.4	314	2.03912	25	0.81898	18	-0.17374	3.18175e-49
HES2	MA0616.3	71	1.46407	4	0.74222	2	-0.37598	4.45783e-49
SRY	MA0084.2	204	1.88164	13	0.19522	2	0.22199	5.4866e-49
Dlx5	MA1476.3	143	2.00506	5	0.20911	1	0.23465	7.26621e-49
STAT1	MA0137.4	110	1.33266	3	0.61386	2	-0.2789	1.75832e-48
MYB	MA0100.4	345	1.74061	24	0.21397	2	0.17646	2.8447e-48
TFAP2E	MA1569.2	117	1.35547	5	0.51704	1	-0.28127	5.00369e-47
ZNF680	MA1729.2	112	1.87748	8	0.14323	0	0.26303	6.03925e-47
PKNOX1	MA0782.3	369	2.00183	32	0.33678	5	0.14352	6.34042e-47
INSM1	MA0155.1	275	2.11372	21	0.2846	3	0.18992	7.62368e-47
SOX14	MA1562.2	190	2.11126	18	0.322	2	0.20839	7.74475e-47
Nr2F6	MA0728.1	182	1.88956	12	0.21964	1	0.2189	9.51546e-47
ZBTB32	MA1580.1	171	1.89701	13	0.19282	2	0.2711	9.58293e-47
Dux	MA0611.3	117	1.827	7	0.2327	2	0.28519	1.22356e-46
DBP	MA0639.2	67	1.12457	3	0.75698	1	-0.46595	2.45912e-46
ZNF16	MA1654.2	207	1.95398	21	0.28876	3	0.2258	8.44697e-46
Hand1	MA2123.1	205	1.9393	18	0.2018	0	0.21318	2.5518e-45
ZNF331	MA1726.2	255	1.96498	23	0.25853	0	0.18528	2.69661e-45
CEBPA	MA0102.5	158	1.80396	5	0.25404	4	0.21342	6.58513e-45
Mecom	MA0029.2	126	1.90648	11	0.19088	1	0.28338	8.24985e-45
ZNF684	MA1600.2	300	1.96921	28	0.27105	2	0.16298	8.25235e-45
Gfi1B	MA0483.2	277	1.96927	19	0.32306	8	0.1642	8.38617e-45
Zfx	MA0146.3	141	2.03918	14	0.222	0	0.26592	9.53536e-45
PAX6	MA0069.1	151	2.10272	13	0.2708	1	0.2118	1.2385e-44
TCF7L1	MA1421.1	246	1.56008	9	0.18358	1	0.20164	1.54027e-44
Esrrg	MA0643.2	133	2.26636	14	0.28005	2	0.25204	1.94086e-44
CUX2	MA0755.2	60	1.93092	2	0.16207	1	0.38032	3.09428e-44
ELK1::SREBF2	MA1933.2	78	1.50447	6	0.81275	2	-0.33351	3.47979e-44
ZIC5	MA1584.2	299	1.96156	23	0.2881	3	0.18681	5.41021e-44
CDX1	MA0878.3	139	1.63697	7	0.14446	0	0.21703	5.72905e-44
OTX2	MA0712.3	179	1.58923	13	0.16648	1	0.22279	1.0477e-43
MYF5	MA1641.2	138	1.84876	8	0.20223	0	0.21519	1.34329e-43
ZNF75D	MA1601.2	229	2.02815	22	0.30506	3	0.18647	2.58682e-43
ZBED4	MA2328.1	160	1.91403	17	0.78279	5	-0.23183	7.03824e-43
RARA	MA0729.1	177	1.89119	14	0.19972	1	0.2107	1.38088e-42
BCL6	MA0463.3	67	1.49741	4	0.64113	2	-0.28901	2.01682e-42
Zic1::Zic2	MA1628.2	330	1.77777	27	0.23746	3	0.18392	2.23197e-42
NKX2-8	MA0673.2	172	1.89693	16	0.21955	0	0.1998	3.99108e-42
MEIS1	MA1639.2	175	1.93278	12	0.21695	0	0.18097	6.12773e-42
PAX8	MA2094.1	88	1.62487	9	0.91955	5	-0.31489	3.89587e-41
TBXT	MA0009.2	122	2.04924	10	0.28232	2	0.22127	6.77824e-41
Bcl11B	MA1989.2	191	1.62092	14	0.17135	0	0.19696	7.26852e-41
NHLH2	MA1529.2	154	1.81364	13	0.66092	5	-0.19362	7.31869e-41
ZNF675	MA1714.2	187	1.81255	13	0.23356	1	0.20075	7.58902e-41
FOXB1	MA0845.1	241	1.70795	16	0.23447	2	0.15737	8.99776e-41
Pax7	MA0680.3	94	1.39585	0	0.13448	1	0.24644	1.37677e-40
FIGLA	MA0820.2	443	2.05759	42	0.33873	3	0.11859	1.78697e-40
ZNF157	MA2331.1	157	1.85501	15	0.23462	1	0.20473	3.45087e-40
Nfatc1	MA0624.3	507	1.68006	29	0.25515	3	0.12689	6.07918e-40
ZNF410	MA0752.2	107	2.00721	6	0.18735	1	0.26193	8.93501e-40
SIX2	MA1119.2	145	1.89998	11	0.33614	4	0.17409	3.26118e-39
TFAP4::FLI1	MA1967.2	244	1.74961	16	0.23077	2	0.16789	3.86984e-39
MYBL1	MA0776.1	45	2.18491	4	0.31186	1	0.34273	4.12291e-39
BACH2	MA1101.3	123	2.13381	11	0.32141	1	0.21988	5.86473e-39
Ebf4	MA2122.1	158	1.95808	14	0.29064	2	0.17989	6.52959e-39
Hmx2	MA0897.2	142	1.81286	6	0.24776	1	0.21602	7.07286e-39
BHLHA15	MA0607.2	62	1.1139	1	0.5891	2	-0.37836	8.92608e-39
Arx	MA0874.2	101	1.82152	4	0.17603	0	0.2321	9.90207e-39
NR5A1	MA1540.3	125	2.2254	13	0.29725	2	0.22351	1.60522e-38
SREBF1	MA0595.1	210	2.06877	20	0.34735	4	0.14742	1.93239e-38
IRF6	MA1509.1	39	1.29084	1	0.8125	2	-0.39622	3.57152e-38
ZNF341	MA1655.2	243	1.76054	18	0.28345	3	0.13048	4.26282e-38
ZNF701	MA1987.2	563	1.83944	51	0.35919	8	0.09401	4.51069e-38
ZNF382	MA1594.1	159	1.93051	16	0.30002	2	0.20169	5.18271e-38
ZNF317	MA1593.2	397	1.86845	31	0.33294	4	0.09849	6.6524e-38
Creb3l2	MA0608.1	55	1.64047	3	0.70514	1	-0.27191	1.30584e-37
NR1H2::RXRA	MA0115.1	166	1.97557	12	0.32652	4	0.19188	1.32089e-37
ZNF75A	MA2097.1	335	1.68975	20	0.27084	3	0.13425	5.70387e-37
ELK1::HOXB13	MA1932.2	70	1.33635	2	0.65535	3	-0.29027	9.43534e-37
RBPJ	MA1116.2	425	1.73216	22	0.32483	6	0.10862	1.08006e-36
Pgr	MA2323.1	115	1.75447	7	0.21525	0	0.19921	1.43312e-36
ZNF93	MA1721.2	199	1.80811	15	0.56525	4	-0.13395	3.39783e-36
GMEB2	MA0862.1	31	1.09971	2	0.78713	0	-0.51641	5.1088e-36
RARG	MA1553.2	68	2.30429	7	0.18292	0	0.31693	1.27106e-35
ZBED2	MA1971.2	30	0.88223	0	0.47853	0	-0.44413	1.37468e-35
PLAGL2	MA1548.2	112	2.09024	16	0.38205	3	0.21185	1.39299e-35
IRF4	MA1419.2	76	1.02694	1	0.59297	3	-0.31903	1.6744e-35
Hoxa13	MA0650.4	127	1.50917	6	0.15796	1	0.19007	4.125e-35
Hand1::Tcf3	MA0092.2	130	1.41354	5	0.47769	2	-0.20244	1.78208e-34
ZNF766	MA2098.1	153	1.64404	6	0.1834	0	0.17487	2.47558e-34
TP73	MA0861.2	76	2.05672	7	0.18087	0	0.30527	2.71585e-34
Hic1	MA0739.2	101	1.90484	10	0.1665	0	0.25505	2.98607e-34
TFAP2B	MA0813.1	105	1.87806	11	0.28589	1	0.21121	4.75149e-34
Crx	MA0467.3	282	1.54632	17	0.19205	1	0.1462	5.24827e-34
E2F7	MA0758.1	74	1.25999	0	0.50412	2	-0.23592	6.85705e-34
MEF2D	MA0773.1	93	1.71552	8	0.79429	3	-0.21436	9.99047e-34
RARA::RXRA	MA0159.1	191	2.01489	16	0.29817	2	0.14627	2.07402e-33
NFATC4	MA1525.3	146	1.49058	3	0.2384	2	0.17722	3.98618e-33
HSF1	MA0486.2	71	1.57833	8	0.58965	2	-0.21535	7.29608e-33
RELA	MA0107.1	106	1.46067	5	0.49232	1	-0.20345	1.55604e-32
OVOL1	MA1544.2	34	1.52936	2	0.77082	1	-0.35341	3.60435e-32
ZNF449	MA1656.2	184	2.17372	19	0.3263	0	0.13654	4.48669e-32
DMRTA2	MA1478.2	241	1.67927	8	0.22369	0	0.14099	5.16122e-32
DMRTA1	MA1707.2	89	1.69081	2	0.21379	1	0.22406	5.19778e-32
SNAI3	MA1559.2	156	1.57541	9	0.56202	3	-0.15018	6.05759e-32
GCM2	MA0767.2	99	2.11592	8	0.27199	1	0.19402	9.41783e-32
Prdm14	MA1998.2	88	1.39169	5	0.63911	2	-0.20347	1.09424e-31
HIC2	MA0738.2	252	1.84422	17	0.25245	1	0.14159	1.18062e-31
SCRT2	MA0744.3	140	1.68946	8	0.24073	2	0.16785	1.3667e-31
FOXD3	MA0041.3	310	1.43466	12	0.21549	4	0.11841	1.61172e-31
IRF3	MA1418.2	125	1.01288	5	0.3568	3	-0.19315	3.30755e-31
CTCFL	MA1102.3	210	1.61875	13	0.50334	3	-0.14685	6.10521e-31
ZBTB33	MA0527.2	39	1.75963	5	0.76374	1	-0.32543	7.8186e-31
ZSCAN21	MA2336.1	143	1.9295	13	0.26714	2	0.16894	1.01136e-30
HOXC10	MA0905.2	123	1.66544	7	0.19849	0	0.1642	1.02425e-30
NR6A1	MA1541.2	78	2.05818	9	0.30236	2	0.17946	1.03171e-30
ZNF582	MA1983.2	181	1.72352	14	0.22419	2	0.14507	1.16884e-30
Gmeb1	MA0615.2	26	1.22519	1	0.67045	0	-0.44152	1.19024e-30
ERF::FOXI1	MA1935.2	191	1.45909	8	0.50809	5	-0.11783	2.21513e-30
ONECUT2	MA0756.3	57	1.59073	2	0.79612	2	-0.29227	3.53932e-30
Foxn1	MA1684.1	134	1.98479	14	0.86246	5	-0.16025	8.51715e-30
EGR4	MA0733.2	232	2.08757	25	0.46491	8	0.10063	2.29753e-29
ZNF416	MA1979.2	137	1.75494	8	0.30044	3	0.1555	2.70989e-29
DMRTC2	MA1479.2	91	1.80794	5	0.34237	2	0.20752	2.80913e-29
TEAD2	MA1121.2	103	1.76096	4	0.22499	1	0.19697	4.329e-29
ZNF320	MA1976.2	359	1.90899	29	0.3164	3	0.10013	4.64237e-29
MYOG	MA0500.3	227	1.90763	15	0.32214	2	0.12808	5.38739e-29
ZNF213	MA2121.1	171	2.0216	16	0.39512	4	0.12024	6.17287e-29
HINFP	MA0131.3	51	1.53139	4	0.86743	3	-0.26837	9.76298e-29
Arid3b	MA0601.2	54	1.89338	2	0.26808	1	0.24668	2.05508e-28
PRDM1	MA0508.4	225	1.50382	11	0.20359	0	0.12452	2.4702e-28
Zic2	MA1629.2	478	1.71448	33	0.31399	5	0.07472	3.79339e-28
BHLHE22	MA1635.2	441	1.85584	33	0.34201	4	0.07739	8.34716e-28
RARA::RXRG	MA1149.2	188	2.21314	19	0.38552	4	0.14181	1.78982e-27
ZKSCAN5	MA1652.2	365	1.80228	29	0.33444	6	0.09922	2.83e-27
ERF::NHLH1	MA1938.2	149	1.63854	9	0.48182	3	-0.13367	3.45739e-27
GRHL2	MA1105.3	159	1.83806	11	0.33473	3	0.13891	5.27493e-27
ZBED1	MA0749.2	26	1.10947	1	0.41267	0	-0.37071	8.64352e-27
RUNX3	MA0684.3	151	1.84167	11	0.29128	3	0.1456	1.17157e-26
Stat6	MA0520.2	124	1.59325	5	0.2103	1	0.13418	1.40925e-26
ONECUT1	MA0679.3	151	1.76844	7	0.24912	3	0.17441	1.4657e-26
ZNF524	MA2096.1	90	1.48684	6	0.53204	1	-0.19679	2.54373e-26
ZNF140	MA1589.2	158	1.95719	13	0.32455	4	0.14748	3.12542e-26
Atoh1	MA0461.3	94	1.34772	3	0.46305	2	-0.20278	3.57064e-26
ZBTB17	MA2102.1	7	2.1021	1	0	0	1.13415	6.54397e-26
KLF5	MA0599.1	616	2.06365	51	0.43106	14	0.06538	7.77164e-26
ZNF692	MA1986.2	132	2.00213	9	0.2993	1	0.14487	1.32322e-25
ZNF652	MA1657.2	126	1.66578	7	0.2961	2	0.12851	1.65133e-25
Spi1	MA0080.7	434	1.66377	34	0.33496	7	0.08911	1.67322e-25
TGIF1	MA0796.1	203	1.98563	17	0.31654	2	0.12013	2.58475e-25
OVOL2	MA1545.2	32	1.9415	3	0.8216	1	-0.28279	3.68651e-25
HMBOX1	MA0895.2	54	1.74813	5	0.16476	0	0.24187	3.80095e-25
ZBTB6	MA1581.2	163	1.7869	8	0.34383	4	0.12868	7.58595e-25
ZNF135	MA1587.1	185	2.00417	16	0.34726	2	0.10543	1.04611e-24
NFIC	MA1527.2	100	1.70983	8	0.61907	2	-0.16082	1.36185e-24
ZNF528	MA1597.1	126	1.80602	9	0.27803	2	0.15096	3.0761e-24
Ikzf3	MA1992.2	294	1.78814	24	0.59464	10	-0.08243	5.38197e-24
BCL11A	MA2324.1	157	1.78204	9	0.27439	1	0.10979	6.23279e-24
THAP1	MA0597.3	170	1.72371	9	0.25562	2	0.12261	6.62382e-24
Gata3	MA0037.5	115	1.67124	3	0.28834	1	0.12559	6.97575e-24
PGR	MA2327.1	133	1.82437	8	0.25369	1	0.14746	1.82836e-23
Atoh1	MA1467.3	195	1.60261	8	0.4676	4	-0.10837	1.28431e-22
Znf423	MA0116.1	84	1.64195	8	0.28271	1	0.1527	3.81585e-22
Hmga1	MA2124.1	82	1.12052	2	0.45049	1	-0.22013	5.12153e-22
NFKB1	MA0105.4	68	1.85264	2	0.27268	1	0.16879	1.0072e-21
ZBTB7B	MA0694.2	150	1.92117	15	0.36252	5	0.13428	1.37528e-21
FOXP2	MA0593.2	332	1.67311	22	0.30033	4	0.08268	1.45465e-21
ZNF549	MA1728.2	215	2.13609	22	0.36901	2	0.10709	1.68259e-21
Stat2	MA1623.2	274	1.37296	11	0.22423	1	0.08041	6.94564e-21
THRA	MA1969.2	210	1.83572	17	0.34961	2	0.09387	1.41337e-20
GCM1	MA0646.2	69	1.5026	3	0.36672	0	-0.13337	3.05192e-20
Nfatc2	MA0152.3	184	1.72065	9	0.31711	2	0.10097	3.46514e-20
Tfcp2l1	MA0145.2	136	1.73191	12	0.22579	0	0.11744	1.13199e-19
STAT1::STAT2	MA0517.2	223	1.43602	14	0.26744	3	0.11068	1.31316e-19
ZNF768	MA1731.2	460	1.69052	28	0.32279	3	0.05882	2.75224e-19
HOXA9	MA0594.3	16	1.73692	0	0.11208	0	0.35687	4.28438e-19
RFX5	MA0510.3	132	1.86299	11	0.61293	5	-0.0952	4.50661e-19
ZNF770	MA2099.1	226	1.58544	11	0.42472	3	-0.08462	4.71345e-19
MSC	MA0665.1	254	1.73172	14	0.30703	1	0.07835	4.75451e-19
ZNF707	MA1715.1	184	1.88707	14	0.3746	3	0.08222	9.63488e-19
TWIST1	MA1123.3	195	1.65171	9	0.43842	3	-0.09111	1.25328e-18
ZNF354A	MA1978.2	181	1.57367	4	0.24588	0	0.10282	1.4037e-18
ETV2::HOXB13	MA1943.2	72	1.37902	3	0.40614	0	-0.18975	2.28232e-18
RFX4	MA0799.3	56	1.413	1	0.49422	3	-0.13467	4.93833e-18
EBF3	MA1637.2	114	1.82253	11	0.35105	2	0.09096	2.61929e-17
TP63	MA0525.2	68	1.71636	7	0.20678	0	0.18603	6.74516e-17
CEBPG	MA1636.2	166	1.72172	7	0.27556	1	0.09506	7.5184e-17
SMAD5	MA1557.1	39	1.89787	3	0.29318	0	0.19108	8.20391e-17
Prdm4	MA1647.3	137	1.49973	4	0.21894	0	0.08495	9.40066e-17
MYBL2	MA0777.1	54	1.81318	3	0.29515	1	0.16903	1.28656e-16
OSR1	MA1542.2	147	2.00982	13	0.34827	1	0.09264	1.34558e-16
Six4	MA2001.2	78	1.86454	6	0.25165	0	0.16882	1.36642e-16
EPAS1	MA2325.1	56	1.65362	5	0.53777	2	-0.13018	2.09589e-16
FOXO1::FLI1	MA1956.2	207	1.48683	13	0.50669	4	-0.08194	2.22971e-16
ZNF274	MA1592.2	124	1.84631	14	0.31985	1	0.10486	2.3202e-16
IRF2	MA0051.2	144	1.67609	6	0.26658	1	0.10728	2.51946e-16
BACH2	MA1470.2	133	1.67808	7	0.46526	2	-0.08503	2.72522e-16
PAX3	MA1546.2	122	2.00555	8	0.38524	2	0.09537	8.42656e-16
Prdm5	MA1999.2	270	1.82188	23	0.47929	5	-0.0592	1.17944e-15
FOXN3	MA1489.1	416	1.72199	27	0.31777	3	0.07057	1.48585e-15
HES7	MA0822.1	33	2.13096	5	0.59274	1	0.16276	3.79777e-15
ZNF184	MA2120.1	178	1.68371	12	0.30217	2	0.10492	6.18094e-15
Thap11	MA1573.2	115	2.13427	15	0.48227	5	0.09628	9.64136e-15
ZNF85	MA1720.2	146	1.70371	11	0.34873	3	0.08894	1.73689e-14
ZNF35	MA2333.1	30	1.40447	1	0.15503	0	0.17573	3.24581e-14
BARHL1	MA0877.4	159	1.71876	10	0.5816	3	-0.08239	4.27437e-14
REST	MA0138.3	141	1.60004	5	0.4038	1	-0.09296	1.39347e-13
ZBTB24	MA2330.1	165	2.03313	22	0.34471	1	0.0747	1.56707e-13
Dmbx1	MA0883.2	93	1.43224	4	0.2191	1	0.11234	1.86909e-13
ZNF189	MA1725.2	195	1.86423	23	0.31606	1	0.07166	2.3003e-13
ZIM3	MA1709.2	249	1.41436	7	0.23563	2	0.06973	3.27413e-13
ZNF211	MA1974.2	37	1.63079	1	0.16207	0	0.14077	1.04663e-12
Prdm15	MA1616.2	144	1.65083	10	0.27121	2	0.0844	1.05273e-12
SIX1	MA1118.2	114	1.76347	7	0.3172	1	0.08042	1.15338e-12
ZNF384	MA1125.2	165	0.91047	3	0.23375	1	-0.08583	1.45191e-12
BCL6B	MA0731.1	78	1.29514	0	0.39513	1	-0.11178	1.82729e-12
MEIS3	MA0775.2	275	1.65308	14	0.34919	6	0.06166	9.25881e-12
Yy1	MA0095.4	168	1.51659	7	0.38262	3	-0.05834	9.274e-12
Dmrt1	MA1603.2	122	1.52007	8	0.25163	0	0.09516	1.39523e-11
Rhox11	MA0629.2	177	1.62686	8	0.45849	3	-0.07375	1.51159e-11
TCF4	MA0830.3	135	1.7504	10	0.54821	3	-0.06927	1.64164e-11
Ddit3::Cebpa	MA0019.2	101	1.96308	8	0.31673	0	0.07064	2.13487e-11
KLF13	MA0657.2	240	1.9454	17	0.54505	6	-0.04899	2.39337e-11
NFIL3	MA0025.3	139	1.8546	11	0.30657	1	0.10074	2.85689e-11
NFYB	MA0502.3	331	1.88221	20	0.58564	12	-0.06125	3.44053e-11
ZNF8	MA1718.1	84	1.44524	3	0.47031	2	-0.10798	3.90488e-11
ZFP57	MA1583.2	36	1.18318	1	0.36684	0	-0.18055	4.5839e-11
Six3	MA0631.2	67	2.11348	9	0.37577	1	0.08406	9.5318e-11
Smad4	MA1153.2	57	1.69593	4	0.21039	0	0.13776	9.55877e-11
DMRT3	MA0610.2	72	1.7769	2	0.34075	1	0.08781	2.25076e-10
Elf5	MA0136.4	200	1.55299	12	0.33069	2	0.04792	2.69903e-10
ZNF669	MA1985.1	96	1.954	7	0.34527	0	0.07639	4.24381e-10
THRB	MA1576.2	161	1.78139	12	0.418	1	-0.0679	5.32126e-10
MAX::MYC	MA0059.2	74	1.53701	5	0.38248	0	-0.07109	6.10858e-10
Runx1	MA0002.3	224	1.63724	18	0.2966	1	0.03732	2.05165e-09
ZNF784	MA1717.2	39	1.90578	0	0.26159	0	0.13855	3.20762e-09
ZBTB18	MA0698.2	272	1.89613	14	0.39952	7	0.04904	3.70217e-09
TP53	MA0106.3	75	1.66956	7	0.28554	1	0.08526	6.12796e-09
Msgn1	MA1524.3	281	1.62016	11	0.2892	2	0.0455	3.17157e-08
RFX7	MA1554.2	62	1.40929	0	0.40693	1	-0.08943	3.98615e-08
IRF7	MA0772.2	132	1.20344	2	0.35717	2	-0.06244	7.52099e-08
TBP	MA0108.3	57	1.39317	2	0.20182	0	0.09272	1.38796e-07
ZNF257	MA1710.2	389	1.81122	29	0.39852	7	0.03275	1.64449e-07
Arid5a	MA0602.2	34	1.16677	1	0.12573	0	0.17516	1.78548e-07
Rfx6	MA1724.2	103	1.52157	3	0.38345	1	-0.05659	6.6718e-07
MAFA	MA1521.2	128	1.69384	7	0.29591	1	0.05342	6.69082e-07
NR1I3	MA1534.2	128	1.74872	5	0.32063	0	0.05316	1.4196e-06
ONECUT3	MA0757.2	73	1.29407	2	0.22037	2	0.07846	1.58171e-06
ZNF136	MA1588.1	72	1.65024	4	0.49123	4	-0.04702	2.38925e-06
TFCP2	MA1968.2	53	1.27131	1	0.32483	1	-0.09318	2.81427e-06
Spz1	MA0111.1	149	1.82036	7	0.36797	2	0.07411	3.70536e-06
IKZF2	MA2326.1	515	1.69299	35	0.41146	15	0.02872	5.06132e-06
ZNF682	MA1599.2	166	1.81567	12	0.51369	4	-0.04011	1.02681e-05
ZNF574	MA1982.2	125	1.90915	15	0.39571	1	0.04446	1.13484e-05
ZNF454	MA1712.2	145	2.06865	21	0.45152	4	0.05192	2.16359e-05
NFIB	MA1643.2	99	1.94796	9	0.35492	1	0.05401	2.62398e-05
ZNF343	MA1711.2	164	1.74471	14	0.5352	3	-0.04617	2.96083e-05
Zfp809	MA2125.1	188	1.67925	8	0.34975	0	0.02143	6.98338e-05
RELB	MA1117.2	63	1.82056	4	0.33315	1	0.06156	0.000132636
SRF	MA0083.3	45	1.86531	4	0.32511	0	0.06217	0.000212234
ETV5::FOXO1	MA1947.2	205	1.55608	18	0.33939	2	0.02776	0.00150493
CREB1	MA0018.5	293	1.80065	18	0.37578	2	0.01997	0.00199801
MTF1	MA0863.1	149	1.79184	11	0.40902	2	0.03947	0.00279289
TAL1::TCF3	MA0091.2	157	1.56051	5	0.36845	2	-0.02571	0.00315223
KLF3	MA1516.2	163	2.109	18	0.5754	5	-0.02607	0.00332729
ZFP42	MA1651.2	207	1.69083	12	0.41647	5	-0.01871	0.00514627
ZBTB12	MA1649.2	72	1.75334	6	0.34767	1	0.02816	0.00515337
SMAD2	MA1964.2	342	1.88889	33	0.4239	6	0.01546	0.00529322
ZKSCAN3	MA1973.2	100	1.97466	6	0.50371	3	0.03764	0.00718936
PBX1	MA0070.2	131	1.71804	9	0.43191	3	-0.02728	0.00873915
ZBTB7C	MA0695.2	144	1.80819	11	0.43149	5	0.03699	0.0167537
Ptf1A	MA1618.2	270	1.74264	11	0.36795	4	0.0195	0.0199715
ZNF324	MA1977.2	123	1.48504	7	0.41054	3	-0.02787	0.0263814
ZKSCAN1	MA1585.2	101	1.65873	8	0.4046	1	-0.03643	0.0303683
THRB	MA1575.2	52	2.04675	6	0.54519	1	-0.03213	0.0680674
ZFP14	MA1972.1	328	1.80377	18	0.37419	2	0.01279	0.0806686
Foxq1	MA0040.2	160	1.53869	4	0.29612	1	0.01288	0.0831034
SATB1	MA1963.2	64	1.51477	4	0.32843	1	-0.0349	0.149934
PHOX2B	MA0681.3	100	1.23393	4	0.22183	0	-0.00579	0.241565
DPRX	MA1480.2	101	1.64133	8	0.36116	0	-0.02243	0.358142
Nr2e3	MA0164.2	159	1.52768	6	0.2999	1	0.01102	0.366055
IKZF1	MA1508.2	262	1.58088	16	0.4042	4	-0.01011	0.534782
FEZF2	MA2341.1	222	1.84163	19	0.39828	2	0.0196	0.582022
SPIC	MA0687.2	153	1.58458	12	0.43386	2	0.00759	0.59442
Vdr	MA0693.4	112	1.89568	7	0.39812	0	-0.00607	0.62534
Npas4	MA1995.2	24	0.61154	0	0.19482	0	-0.04	0.656285
