Sample_Name	Total_Pairs	Yeast_Pairs	Total_Aligned_Pairs	Total_Nuclear_Pairs	Filtered_Pairs	tc_output_mono_count	PCR_Dedup_1	PCR_Dedup_2
1k_k122ac_1	13018135	20242	3401174	3312243	2293004	1128530	324503	585476
1k_k27ac_1	28724768	78421	21461027	21030752	15191982	10720816	9089741	10498647
1k_k27ac_2	11604887	778159	7282414	7266724	5101676	2998952	1165492	1998091
1k_k4me1_1	4050040	41368	2246175	2231282	1587103	671358	518930	643734
1k_k4me1_2	41135175	3891	24579333	24380922	16956014	8806719	1982641	3749546
1k_k4me1_3	4951304	1320550	687325	672912	452972	173020	84345	133305
1k_k4me1_4	7890223	1710880	2141530	2122350	1443485	584793	309289	473159
1k_k4me2_1	12074435	186712	7563310	7522836	4987165	1994424	1584734	1915980
1k_k4me3_1	24668757	593574	13671068	13428639	9257120	4305269	1887408	3072477
1k_k56ac_1	16507408	21325	4581534	4488023	3129177	1475944	406135	743370
1k_k64ac_1	9715563	7327	6548909	6522140	4726508	2570451	1501486	2196417
1k_k64ac_2	11183976	809796	6253791	6244915	4571309	2363885	468509	900175
1k_k9ac_1	17813872	6239	13026301	12996267	9337619	5241043	3005880	4438868
1k_k9ac_2	11046243	825580	5043484	5023116	3635800	1883982	584161	1058046
1k_h4k16ac_1	22811550	5091	19827468	19821286	14010435	7738882	5474115	7187460
1k_h4k16ac_2	14281554	550608	10768034	10750571	7588719	3820437	1516005	2581997
1k_igg_1	18300833	864579	8718127	8594227	5942170	2843529	1435399	2248446
1k_igg_2	8360711	571506	1999233	1961732	1329165	621348	323666	500822
dome_ntac_1	8393669	19006	6449214	6444793	4548647	1954990	1723700	1929431
dome_ntac_2	8352425	13687	6532773	6528878	4567258	2074246	1818675	2044903
dome_k122ac_1	13059774	75762	11184144	11168381	7943026	4061132	2450318	3532155
dome_k27ac_1	8017052	28217	6194557	6135942	4697040	3148663	3032718	3144916
dome_k27ac_2	17992539	43967	16383636	16358487	12513999	7857066	7396089	7831460
dome_k27ac_3	28137749	153117	22236810	22202906	15945506	10813690	3878702	6750461
dome_k27ac_4	9331267	99332	6840519	6826360	4922820	3100124	2081198	2828925
dome_k4me1_1	13638903	333562	6011666	5866493	4334926	2469977	650182	1207013
dome_k4me1_2	12427492	303455	6651817	6621647	4732715	3383756	570143	1104615
dome_k4me1_3	12464563	317362	6378834	6346973	4524061	3191077	680048	1293381
dome_k4me1_dmso_1	22655089	284088	15001823	14898362	10342898	4656144	3166814	4269554
dome_k4me1_dmso_2	22386288	603938	14513716	14329431	10079394	5892717	2249609	3881861
dome_k4me1_trip_1	12807163	394012	7062367	6950010	4841624	2776746	1252590	2044852
dome_k4me1_trip_2	16104757	390034	10722962	10618710	7457427	3563884	1930058	2930515
dome_k4me2_1	4467038	97984	2897541	2870128	2081758	1151069	670803	981026
dome_k4me2_2	6313557	244828	2507277	2488220	1742093	999213	284779	521272
dome_k4me2_3	8918066	974715	4379077	4353980	3056309	1962388	494849	906088
dome_k4me2_dmso_1	9512099	483126	6809715	6784883	4897455	2710730	706801	1308404
dome_k4me2_dmso_2	22888032	391533	16224439	16001602	11341957	6206027	2629800	4387455
dome_k4me2_dmso_3	21182619	677955	13379157	13178044	9255846	3999726	2170775	3291866
dome_k4me2_dmso_4	21261607	621002	13742277	13541156	9468135	4580190	3076910	4177122
dome_k4me2_trip_1	8393306	736400	5090485	5058548	3638786	1997812	524401	966398
dome_k4me2_trip_2	19919447	623938	12863303	12707807	8863992	4042821	1496403	2591914
dome_k4me2_trip_3	22032340	1161198	11401494	11191719	8009532	4353780	2143817	3370267
dome_k4me2_trip_4	16169819	1908894	5798684	5612291	3984792	2295064	965085	1502320
dome_k4me3_1	40984115	36505	35461284	35426763	25589067	11078910	8613125	10615127
dome_k4me3_2	31043992	156811	25719057	25626285	18259004	9429824	3725020	6311677
dome_k56ac_1	29938660	1095607	17911371	17820446	12520528	6050570	525876	1033461
dome_k64ac_1	7594527	99378	5304585	5294967	3864520	1827448	566004	1025238
dome_k64ac_2	18205980	5153	13913992	13864719	10043767	5487825	3580060	4935390
dome_k9ac_1	16645644	80755	14570888	14560131	10878809	6802727	4374464	6080747
dome_k9ac_2	8281860	117529	6433720	6418902	4686797	2447378	1139023	1841106
dome_h4k16ac_1	33436772	48350	30088005	30074097	21685749	14993234	12347629	14592412
dome_h4k16ac_2	18555150	101314	16160895	16106601	11553723	6433413	5442652	6309249
dome_igg_1	8697730	294126	5571680	5558138	3946807	2034707	107098	210153
dome_igg_2	10588308	282184	2926786	2919635	2084938	1062781	208631	396331
dome_igg_dmso_1	18389722	376504	14998357	14936755	10335689	4565955	2953993	4095833
dome_igg_dmso_2	26484517	622308	18958097	18658439	13194742	6378704	3180911	5008331
dome_igg_trip_1	9274742	578027	5813128	5719231	3955015	1575605	317629	600564
dome_igg_trip_2	15661726	798129	7122306	6897455	4738486	2173859	800066	1389603
shield_k4me1_1	18266955	184295	14958661	14921274	11078406	7008821	1709969	3192200
shield_k4me1_2	15735808	130626	13256135	13231285	9768007	6502200	1867528	3388717
shield_k4me2_1	7401492	84351	5565386	5544594	3960835	2242269	525198	982949
shield_k4me2_2	25468309	397639	17542068	17479906	12716158	8712577	1282088	2495216
shield_k4me3_1	6633367	265923	3747488	3716494	2667183	1722192	278302	535032
shield_k4me3_2	8892275	256892	5256926	5221532	3781863	2577776	214599	421090
shield_k4me3_3	21998905	673796	14661889	14304487	10332011	5446169	2633772	4201529
shield_igg_1	11656300	114510	9943771	9903338	7092709	4920401	760477	1470950
shield_igg_2	24071619	335426	19115138	19048981	13540276	8994881	2035098	3838971
